UserID,SpID,prev_SpID,Long,Lat,ArriveTime,leaveTime,date,time
4,0,-1,116.32711623809521,39.99298542857142,39745.3969791667,39745.4220138889,2008-10-24,09:31:39
4,2,-1,116.32537146590907,39.98131570454544,39746.2212615741,39746.3898842593,2008-10-25,05:18:37
4,3,-1,116.32041526470589,39.991746000000006,39747.3064583333,39747.3328819444,2008-10-26,07:21:18
4,4,3,116.3271314375,39.99933977083334,39747.336875,39747.3627083333,2008-10-26,08:05:06
4,5,4,116.41630217142855,39.969192485714295,39747.401712963,39747.5653009259,2008-10-26,09:38:28
4,7,6,116.31559647368424,40.002859763157886,39748.3370023148,39748.4252430556,2008-10-27,08:05:17
4,9,8,116.32669747058823,39.999881794117634,39749.3235185185,39749.4403935185,2008-10-28,07:45:52
4,10,9,116.32110366129035,40.00885029032258,39749.4454282407,39749.4763310185,2008-10-28,10:41:25
4,11,-1,116.32596359090911,40.00079454545454,39750.2232060185,39750.2546875,2008-10-29,05:21:25
4,14,-1,116.32633167857145,40.000067607142846,39751.0783217593,39751.1556597222,2008-10-30,01:52:47
4,16,15,116.32049734042549,39.99225546808512,39751.2736689815,39751.3009722222,2008-10-30,06:34:05
4,17,16,116.32680120000002,39.999519514285716,39751.3045023148,39751.3555555556,2008-10-30,07:18:29
4,18,17,116.31849312499999,40.001417937500015,39751.3590856481,39751.4853935185,2008-10-30,08:37:05
4,20,19,116.3251697272727,40.00550736363637,39752.1652546296,39752.2199884259,2008-10-31,03:57:58
4,21,20,116.32755967346941,40.00008693877551,39752.2225347222,39752.390162037,2008-10-31,05:20:27
4,23,-1,116.32682635714279,39.999170309523805,39753.2210648148,39753.4034259259,2008-11-01,05:18:20
4,26,25,116.32704029032257,39.99977629032257,39754.1596412037,39754.2216087963,2008-11-02,03:49:53
4,27,26,116.32481050574718,39.98121383908045,39754.2279166667,39754.3399421296,2008-11-02,05:28:12
4,28,27,116.31557613385824,39.971518342519644,39754.3619907407,39754.3937037037,2008-11-02,08:41:16
4,29,28,116.31987950909095,40.007634345454555,39754.4165856481,39754.4549884259,2008-11-02,09:59:53
4,30,-1,116.32665250000001,39.999828464285706,39755.2604976852,39755.353275463,2008-11-03,06:15:07
4,33,32,116.32158585954723,40.011839744871146,39755.7339236111,39756.0449768519,2008-11-03,17:36:51
4,34,-1,116.32148484848486,40.01080515151516,39756.8069560185,39757.0074189815,2008-11-04,19:22:01
4,36,35,116.31706565625,40.00536545833334,39757.1492476852,39757.1827314815,2008-11-05,03:34:55
4,38,37,116.31938876190476,39.997910523809516,39757.2299421296,39757.2538541667,2008-11-05,05:31:07
4,39,38,116.32713465384616,40.000017307692296,39757.2568055556,39757.298912037,2008-11-05,06:09:48
4,41,40,116.3169926862745,40.0053452745098,39757.4046527778,39757.4480555556,2008-11-05,09:42:42
4,42,41,116.32113396874999,40.01059953125,39757.4512962963,39757.4761921296,2008-11-05,10:49:52
4,43,42,116.31860219327737,39.99872419117645,39757.4884606482,39757.5472337963,2008-11-05,11:43:23
4,44,-1,116.31622942857143,40.0055538809524,39758.1790277778,39758.2151851852,2008-11-06,04:17:48
4,45,44,116.31872513703702,39.99842655555556,39758.2262962963,39758.2474768519,2008-11-06,05:25:52
4,46,45,116.31877352036189,39.99777274208145,39758.3392592593,39758.4695833333,2008-11-06,08:08:32
4,49,48,116.32626869696969,39.99990315151515,39759.1866782407,39759.4011574074,2008-11-07,04:28:49
4,50,49,116.31631671590911,40.00588117045454,39759.4063078704,39759.4422106481,2008-11-07,09:45:05
4,51,50,116.31895738000001,39.998341290000006,39759.4537962963,39759.4792824074,2008-11-07,10:53:28
4,53,-1,116.32126999999997,40.010607477272735,39759.812337963,39760.060462963,2008-11-07,19:29:46
4,55,54,116.36663713333336,39.913363266666664,39760.2206365741,39760.3147569444,2008-11-08,05:17:43
4,57,-1,116.31684863636362,40.00517304545454,39761.1991435185,39761.2370138889,2008-11-09,04:46:46
4,58,57,116.31894757142858,39.99852063736263,39761.2469791667,39761.2827430556,2008-11-09,05:55:39
4,60,59,116.32705920588234,39.99943205882353,39761.3733101852,39761.4018981481,2008-11-09,08:57:34
4,61,60,116.32663364912281,39.99274682456141,39761.4055439815,39761.4297916667,2008-11-09,09:43:59
4,63,62,116.32602131250002,40.00028495312501,39762.0579050926,39762.1745949074,2008-11-10,01:23:23
4,64,63,116.32277924137931,40.00987637931034,39762.1776041667,39762.3441666667,2008-11-10,04:15:45
4,66,65,116.32693230379749,40.00057702531645,39762.465625,39762.5083333333,2008-11-10,11:10:30
4,67,-1,116.32689180851064,40.00004810638298,39763.1180787037,39763.1734027778,2008-11-11,02:50:02
4,68,67,116.32712585185183,39.999803592592606,39763.1984027778,39763.2954861111,2008-11-11,04:45:42
4,69,68,116.3207000526316,39.99153642105263,39763.2990162037,39763.3259953704,2008-11-11,07:10:35
4,70,69,116.32664583333333,39.99984793333332,39763.3323263889,39763.4261805556,2008-11-11,07:58:33
4,71,70,116.32295800000004,40.00370981395349,39763.4276273148,39763.4485300926,2008-11-11,10:15:47
4,72,-1,116.32496298148146,40.000848074074064,39764.3020949074,39764.3325231481,2008-11-12,07:15:01
4,74,73,116.32707084313725,39.99970552941176,39764.4303472222,39764.4534837963,2008-11-12,10:19:42
4,75,74,116.3283800714286,39.99226278571429,39764.4578240741,39764.4789930556,2008-11-12,10:59:16
4,77,-1,116.31224672222226,39.97377527777778,39765.2318865741,39765.2719560185,2008-11-13,05:33:55
4,78,77,116.34251900000002,40.00568469565217,39765.3006944444,39765.3627199074,2008-11-13,07:13:00
4,80,-1,116.32201358620688,40.01087531034482,39765.9254513889,39766.1112037037,2008-11-13,22:12:39
4,81,80,116.32543868831172,40.00594824675324,39766.1628356481,39766.2265509259,2008-11-14,03:54:29
4,84,83,116.31885999045588,39.9910259872746,39766.4081828704,39766.5121296296,2008-11-14,09:47:47
4,85,-1,116.32662647368424,40.000055947368416,39767.3373263889,39767.4199537037,2008-11-15,08:05:45
4,88,87,116.31722588157895,40.00533026315791,39768.4264583333,39768.4479976852,2008-11-16,10:14:06
4,92,-1,116.45247188888887,39.90716974999999,39770.9840277778,39771.2323726852,2008-11-18,23:37:00
4,93,92,116.32708227272728,40.00020256818181,39771.2885069444,39771.4143865741,2008-11-19,06:55:27
4,95,94,116.32671174999999,39.999977975,39772.190787037,39772.4124884259,2008-11-20,04:34:44
4,97,96,116.32602699999998,40.000169338461546,39772.4411921296,39772.6101157407,2008-11-20,10:35:19
4,98,-1,116.32533472580646,40.0055831451613,39773.1618981481,39773.2185763889,2008-11-21,03:53:08
4,99,98,116.32660921428574,39.99990346428571,39773.2212384259,39773.2710069444,2008-11-21,05:18:35
4,100,99,116.32724926666668,40.00007763333333,39773.3060185185,39773.3920601852,2008-11-21,07:20:40
4,102,-1,116.32610626562499,39.99998404687499,39775.3841203704,39775.4138888889,2008-11-23,09:13:08
4,103,102,116.32093496774198,39.99217761290323,39775.4396527778,39775.4802430556,2008-11-23,10:33:06
4,104,-1,116.3224026060606,40.009670166666666,39782.7608796296,39782.9941898148,2008-11-30,18:15:40
4,105,104,116.326357,39.99993351724139,39782.9978935185,39783.1570949074,2008-11-30,23:56:58
4,106,105,116.3230699767442,40.00956555813954,39783.1612037037,39783.2998958333,2008-12-01,03:52:08
4,107,106,116.32560704999999,40.000379650000006,39783.3027314815,39783.4010763889,2008-12-01,07:15:56
4,108,-1,116.32258413333336,40.009823733333334,39783.6978125,39783.9469328704,2008-12-01,16:44:51
4,110,109,116.32657994285718,40.000030342857144,39784.1024652778,39784.1641898148,2008-12-02,02:27:33
4,111,110,116.32295545,40.003670160000006,39784.1672569444,39784.2066203704,2008-12-02,04:00:51
4,112,111,116.3268063,39.99964495,39784.2074884259,39784.3997222222,2008-12-02,04:58:47
4,113,-1,116.32676988461542,40.00056626923076,39785.0258912037,39785.0731597222,2008-12-03,00:37:17
4,115,114,116.3263228421053,39.99984031578947,39785.2352777778,39785.4233796296,2008-12-03,05:38:48
4,117,116,116.27677456894043,39.81979647169812,39786.2316550926,39786.2936921296,2008-12-04,05:33:35
4,118,117,116.27684360932946,39.82016717784254,39786.2936921296,39786.3306712963,2008-12-04,07:02:55
4,119,-1,116.32716149999999,40.000432357142856,39787.0413425926,39787.0688310185,2008-12-05,00:59:32
4,120,119,116.28027634259257,39.83433788888889,39787.0905324074,39787.261412037,2008-12-05,02:10:22
4,122,121,116.33388220000002,39.99065573333333,39787.3997685185,39787.4374421296,2008-12-05,09:35:40
4,123,-1,116.42077645454546,39.90225645454545,39788.0090740741,39788.0343518518,2008-12-06,00:13:04
4,124,123,116.3277503839286,39.927337611607165,39788.0649884259,39788.1242361111,2008-12-06,01:33:35
4,125,-1,116.31834185964914,39.9910365614035,39789.2264699074,39789.2546875,2008-12-07,05:26:07
4,127,126,116.32549350684931,40.00243575342466,39789.4073263889,39789.4681944444,2008-12-07,09:46:33
4,128,127,116.32417190140845,39.99112071830986,39789.4925578704,39789.5509259259,2008-12-07,11:49:17
4,129,-1,116.32695232608695,39.99929813043479,39790.0746064815,39790.1577314815,2008-12-08,01:47:26
4,130,129,116.32592618181819,39.991263454545454,39790.1603356482,39790.1934027778,2008-12-08,03:50:53
4,131,130,116.32696559259259,39.99901333333333,39790.2233449074,39790.2755324074,2008-12-08,05:21:37
4,132,131,116.369369,39.9407765,39790.2868171296,39790.3455208333,2008-12-08,06:53:01
4,133,132,116.40491543069307,39.9095708960396,39790.3493402778,39790.3777546296,2008-12-08,08:23:03
4,134,133,116.40425011170218,39.913681297872344,39790.3873032407,39790.4153703704,2008-12-08,09:17:43
4,135,134,116.40514100000001,39.911663038461555,39790.4153703704,39790.4422800926,2008-12-08,09:58:08
4,136,135,116.40313961538462,39.90914151282051,39790.4478356481,39790.4911689815,2008-12-08,10:44:53
4,141,140,116.42563625293134,39.935985968174194,39792.3340625,39792.366412037,2008-12-10,08:01:03
4,142,141,116.42596593939385,39.93330470202019,39792.369537037,39792.4084375,2008-12-10,08:52:08
4,143,142,116.32666315789474,40.00014457894736,39792.4186342593,39792.4409490741,2008-12-10,10:02:50
4,144,143,116.32129007920791,40.01034673267326,39792.4469097222,39792.5239236111,2008-12-10,10:43:33
4,145,144,116.3272992,39.9995274,39792.5306365741,39792.5795138889,2008-12-10,12:44:07
4,146,-1,116.60851665753422,40.05397516894979,39793.0312384259,39793.082337963,2008-12-11,00:44:59
4,147,146,116.3274019629629,39.99914203703704,39793.1141087963,39793.1459027778,2008-12-11,02:44:19
4,148,147,116.42123113669058,39.930128012589925,39793.1924884259,39793.256087963,2008-12-11,04:37:11
4,149,148,116.3269828431372,40.00036926470588,39793.3325,39793.3711805556,2008-12-11,07:58:48
4,150,149,116.26657600000001,39.90259701818184,39793.3968287037,39793.5136805556,2008-12-11,09:31:26
4,151,-1,116.32585403703708,40.00028477777778,39794.0908101852,39794.1477083333,2008-12-12,02:10:46
4,153,152,116.32667372222221,39.99999222222223,39794.2397222222,39794.4125578704,2008-12-12,05:45:12
4,154,-1,116.32660349999998,39.999513933333326,39795.1884259259,39795.4208449074,2008-12-13,04:31:20
4,155,154,116.32083589830506,40.009101474576255,39795.4251851852,39795.4518865741,2008-12-13,10:12:16
4,156,-1,116.32714234999999,39.99964935,39796.2122453704,39796.3002777778,2008-12-14,05:05:38
4,158,-1,116.32731230769234,39.99965120512822,39797.0910648148,39797.3236689815,2008-12-15,02:11:08
4,159,158,116.34251637037038,40.00596251851852,39797.3322916667,39797.4020486111,2008-12-15,07:58:30
4,160,-1,116.3269316666667,39.99901166666667,39798.0681365741,39798.1655787037,2008-12-16,01:38:07
4,161,160,116.3267449347826,39.99971569565218,39798.1874305556,39798.3950347222,2008-12-16,04:29:54
4,162,161,116.31885113043478,40.000604456521735,39798.4080439815,39798.4420138889,2008-12-16,09:47:35
4,163,162,116.32691986756765,40.000574971621596,39798.5102546296,39798.5747685185,2008-12-16,12:14:46
4,164,-1,116.27685414457842,39.82023148493976,39799.0657407407,39799.1298032407,2008-12-17,01:34:40
4,165,164,116.32730721875002,39.99996487500001,39799.1935185185,39799.2321759259,2008-12-17,04:38:40
4,166,165,116.34627154545456,39.980097363636354,39799.2475694444,39799.3265740741,2008-12-17,05:56:30
4,167,-1,116.32584154166669,40.000096125000006,39800.0417013889,39800.1774305556,2008-12-18,01:00:03
4,170,169,116.32789569565217,40.00002117391304,39800.2909143518,39800.4299189815,2008-12-18,06:58:55
4,171,170,116.35068019444445,39.93862777777777,39800.4566550926,39800.5542361111,2008-12-18,10:57:35
4,173,172,116.31367583333332,39.95514549999999,39800.5894212963,39800.6844560185,2008-12-18,14:08:46
4,174,-1,116.32686820833332,40.00022643749998,39801.0325925926,39801.1558680556,2008-12-19,00:46:56
4,175,174,116.325386,40.00599283999999,39801.167037037,39801.2256134259,2008-12-19,04:00:32
4,176,175,116.32704078260869,40.0003627826087,39801.2287384259,39801.3955439815,2008-12-19,05:29:23
4,177,176,116.32730249999999,39.999350928571424,39801.4226851852,39801.5673958333,2008-12-19,10:08:40
4,178,177,116.32732793308547,39.97543782342003,39801.5787962963,39801.6335416667,2008-12-19,13:53:28
4,180,179,116.33408570999998,39.99005922999999,39802.4086921296,39802.4521064815,2008-12-20,09:48:31
4,182,181,116.32745559999998,39.9924778,39803.4037268519,39803.4437962963,2008-12-21,09:41:22
4,183,182,116.32710036363636,39.99946845454545,39803.45,39803.6507523148,2008-12-21,10:48:00
4,186,-1,116.326790625,40.00123925,39806.0663541667,39806.1677893519,2008-12-24,01:35:33
4,187,-1,116.32351625,40.00927337500001,39806.1690046296,39806.3427314815,2008-12-24,04:03:22
4,189,-1,116.31213218032784,40.00086959016394,39807.0171990741,39807.2480208333,2008-12-25,00:24:46
4,191,190,116.3269192,39.99914554285714,39808.2273726852,39808.4122106481,2008-12-26,05:27:25
4,192,191,116.32638804109587,39.99549913698633,39808.4130787037,39808.5103356481,2008-12-26,09:54:50
4,193,-1,116.35729020858892,39.88947220654401,39813.0700462963,39813.1490972222,2008-12-31,01:40:52
4,196,195,116.32696371428577,39.99992301190478,39813.2209143518,39813.4161574074,2008-12-31,05:18:07
4,197,-1,116.32717361538462,39.99990576923078,39814.3257638889,39814.4042939815,2009-01-01,07:49:06
4,198,197,116.32652961842103,39.99284511842106,39814.4104282407,39814.4469560185,2009-01-01,09:51:01
4,201,200,116.32301104166669,40.009778999999995,39817.3986921296,39817.4646759259,2009-01-04,09:34:07
4,202,-1,116.32657186206896,39.9998727586207,39818.0792592593,39818.1680671296,2009-01-05,01:54:08
4,203,202,116.32693619047619,40.00013671428571,39818.19375,39818.2656597222,2009-01-05,04:39:00
4,204,203,116.3262028260869,40.0002881884058,39818.3062268518,39818.4119328704,2009-01-05,07:20:58
4,208,207,116.32744042105266,39.99984110526315,39819.5875231481,39819.6251851852,2009-01-06,14:06:02
4,209,-1,116.32664634374999,39.99972865625001,39820.0847106481,39820.1729513889,2009-01-07,02:01:59
4,210,209,116.31674212,40.00521708000001,39820.1765393519,39820.2038310185,2009-01-07,04:14:13
4,211,210,116.32695861111112,40.0003501111111,39820.2358449074,39820.4159722222,2009-01-07,05:39:37
4,212,-1,116.32223414893616,40.01022327659576,39820.7790393519,39821.0182986111,2009-01-07,18:41:49
4,213,212,116.3270655,40.00057541666666,39821.0225231481,39821.1462962963,2009-01-08,00:32:26
4,215,214,116.32678005882349,39.999847607843144,39822.3570833333,39822.4013773148,2009-01-09,08:34:12
4,216,215,116.32690504999998,39.999959000000004,39822.4329976852,39822.4597685185,2009-01-09,10:23:31
4,217,216,116.35113265217393,39.93796878260869,39822.4794444444,39822.5035416667,2009-01-09,11:30:24
4,218,217,116.41759589473682,39.97295757894736,39822.5535416667,39822.5819560185,2009-01-09,13:17:06
4,220,-1,116.32710897777781,39.99947079999999,39823.3399305556,39823.3663888889,2009-01-10,08:09:30
4,223,-1,116.32627178947371,39.99987736842106,39825.108125,39825.2487731481,2009-01-12,02:35:42
4,224,223,116.32718994871793,39.9997831025641,39825.276087963,39825.4461689815,2009-01-12,06:37:34
4,225,-1,116.32217062500003,40.010265208333344,39825.8386689815,39826.0522337963,2009-01-12,20:07:41
4,226,225,116.33135811538462,39.97426840384615,39826.0854976852,39826.1085648148,2009-01-13,02:03:07
4,227,226,116.32691803703705,39.99953525925927,39826.1177662037,39826.166087963,2009-01-13,02:49:35
4,228,227,116.34226685999998,39.97977524,39826.2345486111,39826.3063773148,2009-01-13,05:37:45
4,230,-1,116.32685850318472,40.00047022929938,39826.7026851852,39826.819537037,2009-01-13,16:51:52
4,231,-1,116.32664747499999,39.99980015,39827.3519328704,39827.4006828704,2009-01-14,08:26:47
4,232,-1,116.32588003225808,39.9999793548387,39828.254212963,39828.4257407407,2009-01-15,06:06:04
4,233,232,116.3231332560976,40.00947584146342,39828.4319328704,39828.455625,2009-01-15,10:21:59
4,234,233,116.32701404878048,39.99983856097562,39828.4595601852,39828.6156597222,2009-01-15,11:01:46
4,235,234,116.2997576875,39.98089228125,39828.624224537,39828.647650463,2009-01-15,14:58:53
4,236,-1,116.32670873333335,39.99969671111111,39828.9263888889,39829.0218055556,2009-01-15,22:14:00
4,237,236,116.32666037499999,39.999872499999995,39829.0347685185,39829.094224537,2009-01-16,00:50:04
4,239,238,116.32546920689657,40.005861137931035,39829.1628935185,39829.2252083333,2009-01-16,03:54:34
4,240,239,116.32221043333332,40.01001496666666,39829.2272916667,39829.3301157407,2009-01-16,05:27:18
4,241,240,116.32711721276593,39.99953142553191,39829.3396990741,39829.4018518519,2009-01-16,08:09:10
4,243,-1,116.31404302380955,39.96890416666668,39830.070462963,39830.093900463,2009-01-17,01:41:28
4,244,243,116.21995145833334,40.22284033333334,39830.1967361111,39830.2825,2009-01-17,04:43:18
4,245,244,116.25231502857139,40.2197738857143,39830.2879398148,39830.3813888889,2009-01-17,06:54:38
4,248,-1,116.79930797499999,39.949131075,39831.3674421296,39831.3990856481,2009-01-18,08:49:07
4,250,-1,116.3274204736842,39.99967068421053,39832.0738425926,39832.104375,2009-01-19,01:46:20
4,251,-1,116.3235898224413,40.01109817262642,39832.5628240741,39832.6326157407,2009-01-19,13:30:28
4,253,252,116.3507238275862,39.93806903448276,39833.3695833333,39833.3908912037,2009-01-20,08:52:12
4,256,-1,116.32730088636363,40.00003540909091,39857.1711574074,39857.2237615741,2009-02-13,04:06:28
4,258,257,116.32042741463414,39.98505870731706,39857.2906828704,39857.3910648148,2009-02-13,06:58:35
4,259,258,116.32707196103897,40.00007171428571,39857.397025463,39857.4204282407,2009-02-13,09:31:43
4,260,-1,116.32935738034185,39.98986791880339,39858.2101041667,39858.2518287037,2009-02-14,05:02:33
4,261,260,116.3281458181818,39.99154127272727,39858.2518287037,39858.3010648148,2009-02-14,06:02:38
4,262,261,116.32659286440682,39.999992677966105,39858.3179050926,39858.3693518518,2009-02-14,07:37:47
4,264,263,116.32978372916664,39.99010837499999,39858.5079166667,39858.5749305556,2009-02-14,12:11:24
4,266,-1,116.32878418888886,39.991014405555575,39859.0274652778,39859.0663078704,2009-02-15,00:39:33
4,268,267,116.43922315151517,39.961606424242426,39859.1822685185,39859.2929398148,2009-02-15,04:22:28
4,269,268,116.32952226595745,39.98988469148937,39859.352662037,39859.4248148148,2009-02-15,08:27:50
4,271,270,116.32806763461538,39.99169386538462,39859.4554166667,39859.4812037037,2009-02-15,10:55:48
4,272,-1,116.3270641875,39.99943753125,39860.1524537037,39860.1804282407,2009-02-16,03:39:32
4,275,274,116.32824264406777,39.99171240677966,39860.4444791667,39860.53375,2009-02-16,10:40:03
4,276,-1,116.4590418,39.933801333333335,39861.0818865741,39861.1649537037,2009-02-17,01:57:55
4,278,277,116.32844718181819,39.99533745454545,39861.4935648148,39861.5193055556,2009-02-17,11:50:44
4,283,282,116.3175851204819,40.005067265060255,39862.4133680556,39862.454212963,2009-02-18,09:55:15
4,286,285,116.31840754811715,39.99747023430961,39863.1854282407,39863.2308101852,2009-02-19,04:27:01
4,287,286,116.32725331428573,39.99934942857143,39863.2365393518,39863.3919097222,2009-02-19,05:40:37
4,289,-1,116.32661504761909,39.99991584126983,39864.1063657407,39864.1665277778,2009-02-20,02:33:10
4,291,290,116.3262791111111,40.00010755555555,39864.2118865741,39864.3829976852,2009-02-20,05:05:07
4,294,293,116.40375557142859,39.915474714285715,39864.4749189815,39864.5855092593,2009-02-20,11:23:53
4,295,-1,116.32207205714286,40.010054571428576,39865.0016203704,39865.0667476852,2009-02-21,00:02:20
4,296,295,116.3262464255319,40.0000125106383,39865.0703935185,39865.1319212963,2009-02-21,01:41:22
4,297,296,116.29644221999999,39.76311861999998,39865.1951388889,39865.3790046296,2009-02-21,04:41:00
4,298,297,116.32800702298852,39.99428005747126,39865.4312615741,39865.4958101852,2009-02-21,10:21:01
4,299,298,116.32681558620692,39.999875862068954,39865.5197685185,39865.7649074074,2009-02-21,12:28:28
4,302,301,116.32087008108108,40.00905959459459,39866.4041435185,39866.4298263889,2009-02-22,09:41:58
4,303,-1,116.43533574396135,39.94909274396134,39867.1274652778,39867.181400463,2009-02-23,03:03:33
4,304,303,116.32143964864856,40.00165302252252,39867.2591435185,39867.3868634259,2009-02-23,06:13:10
4,306,-1,116.32818762820511,39.99159326923078,39868.460162037,39868.4997569444,2009-02-24,11:02:38
4,307,-1,116.33133504999996,39.99143097499998,39869.5107523148,39869.5368055556,2009-02-25,12:15:29
4,308,-1,116.3270108372093,40.00008195348837,39870.0508796296,39870.1363194444,2009-02-26,01:13:16
4,309,308,116.29721810642575,39.76272003815269,39870.1972800926,39870.3122916667,2009-02-26,04:44:05
4,310,309,116.32715251666659,39.99944036666666,39870.4235185185,39870.4814699074,2009-02-26,10:09:52
4,311,310,116.32800845555553,39.991600322222226,39870.4851736111,39870.5591203704,2009-02-26,11:38:39
4,312,311,116.32681563333334,39.999808833333326,39870.5743981482,39870.7995138889,2009-02-26,13:47:08
4,314,313,116.32524244999999,40.0056977,39871.1656828704,39871.2241087963,2009-02-27,03:58:35
4,315,314,116.32720391666665,40.00044141666667,39871.2259606481,39871.2851967593,2009-02-27,05:25:23
4,317,316,116.40690038095238,39.933918238095245,39871.368900463,39871.3963194444,2009-02-27,08:51:13
4,318,317,116.32725231578945,40.000257815789475,39871.4224189815,39871.5025925926,2009-02-27,10:08:17
4,320,319,116.31668540740738,40.00898877777776,39871.6463310185,39871.685775463,2009-02-27,15:30:43
4,321,-1,116.326674325,39.999878925000004,39872.2857175926,39872.3340509259,2009-02-28,06:51:26
4,322,321,116.30982575,39.9862922,39872.3448148148,39872.3977083333,2009-02-28,08:16:32
4,323,322,116.32119202409638,40.00933121686746,39872.4302546296,39872.4761342593,2009-02-28,10:19:34
4,324,-1,116.32649529411768,39.99989494117648,39873.3361226852,39873.4173148148,2009-03-01,08:04:01
4,326,325,116.3266317462687,39.992840925373145,39873.5571296296,39873.5787268518,2009-03-01,13:22:16
4,327,-1,116.32633290909092,39.99984445454547,39874.2786689815,39874.4015277778,2009-03-02,06:41:17
4,329,-1,116.32670764102565,39.99986874358976,39875.510474537,39875.6040162037,2009-03-03,12:15:05
4,332,331,116.32741713043481,39.999973826086965,39876.187650463,39876.3467939815,2009-03-04,04:30:13
4,333,-1,116.41628231578946,39.970120973684196,39876.5654282407,39876.5984143519,2009-03-04,13:34:13
4,334,333,116.30052207692309,39.97425415384616,39876.6733796296,39876.9152546296,2009-03-04,16:09:40
4,335,-1,116.32660299999995,39.99972253488372,39877.3477430556,39877.4148263889,2009-03-05,08:20:45
4,336,-1,116.28848335616439,39.890902826483995,39878.1302083333,39878.153912037,2009-03-06,03:07:30
4,337,336,116.32704416279068,40.00045895348837,39878.2,39878.2758101852,2009-03-06,04:48:00
4,338,337,116.32671907407406,39.99981888888889,39878.3068055556,39878.4305439815,2009-03-06,07:21:48
4,340,-1,116.32788086363638,39.994394585227276,39879.45,39879.4912384259,2009-03-07,10:48:00
4,341,340,116.32716763636363,39.99238768181818,39879.4912384259,39879.5122453704,2009-03-07,11:47:23
4,342,-1,116.32679414285715,40.00166248214287,39879.9266319444,39880.0872337963,2009-03-07,22:14:21
4,343,342,116.32714861538464,39.99955996153846,39880.0872337963,39880.1101851852,2009-03-08,02:05:37
4,345,344,116.30288648920863,39.96573487050362,39880.2526388889,39880.2849074074,2009-03-08,06:03:48
4,346,345,116.3012848461539,39.96633626495727,39880.2849074074,39880.3183680556,2009-03-08,06:50:16
4,347,346,116.33186606122446,39.991386928571416,39880.3606712963,39880.443275463,2009-03-08,08:39:22
4,349,348,116.32677089189188,39.999825540540535,39880.5019560185,39880.5580324074,2009-03-08,12:02:49
4,350,-1,116.32703068749998,39.999431875000006,39883.7996296296,39883.9095717593,2009-03-11,19:11:28
4,352,351,116.32654870512822,39.99938221794873,39884.0823032407,39884.1768981481,2009-03-12,01:58:31
4,353,352,116.3202984736842,40.00934410526316,39884.1825115741,39884.2152430556,2009-03-12,04:22:49
4,355,354,116.32066164102562,40.009122076923084,39884.4088888889,39884.4380324074,2009-03-12,09:48:48
4,357,356,116.32682336111111,39.99989652777778,39884.5224537037,39884.6136921296,2009-03-12,12:32:20
4,359,358,116.32791510344826,39.990156189655174,39885.1967361111,39885.2524189815,2009-03-13,04:43:18
4,360,359,116.30195518072291,39.96494726506023,39885.2632986111,39885.3612037037,2009-03-13,06:19:09
4,361,360,116.30086608064518,39.96608874193549,39885.3612037037,39885.3950462963,2009-03-13,08:40:08
4,362,361,116.30390971428572,39.966330285714285,39885.3993865741,39885.4218518519,2009-03-13,09:35:07
4,363,362,116.32670161363635,39.99974913636365,39885.4829050926,39885.720775463,2009-03-13,11:35:23
4,364,-1,116.3263044418604,39.99999937209303,39886.2778472222,39886.4200578704,2009-03-14,06:40:06
4,365,364,116.32076250847454,40.00894886440677,39886.4239930556,39886.4618865741,2009-03-14,10:10:33
4,368,367,116.3321602857143,39.935721428571426,39887.3570601852,39887.3894791667,2009-03-15,08:34:10
4,371,-1,116.32692521568626,39.9992675882353,39888.2237384259,39888.4108217593,2009-03-16,05:22:11
4,374,373,116.3267840909091,39.99988731818182,39888.5310763889,39888.6564930556,2009-03-16,12:44:45
4,376,375,116.32714347457625,40.00041188135594,39889.1624537037,39889.4108449074,2009-03-17,03:53:56
4,377,376,116.32718244444443,40.00034611111112,39889.4388194444,39889.5245949074,2009-03-17,10:31:54
4,378,377,116.32613194444444,40.002537694444435,39889.5259259259,39889.6044097222,2009-03-17,12:37:20
4,379,-1,116.31693985245899,40.00503124590163,39890.1304513889,39890.1582407407,2009-03-18,03:07:51
4,381,380,116.32658394999999,40.00043884999998,39890.2866666667,39890.3125925926,2009-03-18,06:52:48
4,382,381,116.41596750000001,39.97072957692308,39890.3493634259,39890.5046643519,2009-03-18,08:23:05
4,383,-1,116.32695194444445,40.00039605555556,39891.0514236111,39891.1767939815,2009-03-19,01:14:03
4,384,383,116.32694568965518,39.999688586206894,39891.2183796296,39891.2971990741,2009-03-19,05:14:28
4,385,384,116.32679542553191,39.99982778723404,39891.3338888889,39891.4070833333,2009-03-19,08:00:48
4,386,385,116.32630864705884,39.99997552941177,39891.4393634259,39891.6896064815,2009-03-19,10:32:41
4,388,387,116.29588817391303,39.76318789130435,39892.1940162037,39892.3718055556,2009-03-20,04:39:23
4,389,388,116.30347680571428,39.965693131428566,39892.4447337963,39892.5048726852,2009-03-20,10:40:25
4,391,-1,116.32665588571427,39.99988251428571,39892.9550694444,39893.1465046296,2009-03-20,22:55:18
4,392,391,116.31754474509805,40.00533243137253,39893.1500925926,39893.1721759259,2009-03-21,03:36:08
4,393,392,116.32620413333333,40.000011066666666,39893.1761111111,39893.2732986111,2009-03-21,04:13:36
4,394,393,116.36761235294118,39.907963784313715,39893.37375,39893.5274768519,2009-03-21,08:58:12
4,395,394,116.32680666666671,39.999708487179504,39893.6007175926,39893.664212963,2009-03-21,14:25:02
4,396,-1,116.30155845600002,39.96613792799998,39894.1713541667,39894.2011689815,2009-03-22,04:06:45
4,398,397,116.31406058823528,39.96843598529411,39894.4420138889,39894.474837963,2009-03-22,10:36:30
4,401,-1,116.3266038,39.99990311428571,39895.9548726852,39896.1583564815,2009-03-23,22:55:01
4,403,402,116.32347947368419,40.00963134210526,39896.2324305556,39896.2973148148,2009-03-24,05:34:42
4,405,404,116.32080591428566,40.00916031428571,39896.4052546296,39896.4436342593,2009-03-24,09:43:34
4,408,407,116.32063720697639,40.00608939534879,39897.2050925926,39897.2670717593,2009-03-25,04:55:20
4,409,408,116.32726414705883,40.00015829411765,39897.2691550926,39897.3014930556,2009-03-25,06:27:35
4,410,-1,116.2977017719298,39.763037017543844,39904.9502199074,39905.0460648148,2009-04-01,22:48:19
4,411,410,116.32716432608696,39.99978665217391,39905.0902777778,39905.162025463,2009-04-02,02:10:00
4,412,411,116.31567433962259,40.00952186792453,39905.1945601852,39905.2414583333,2009-04-02,04:40:10
4,413,412,116.32624446153844,40.00019798717948,39905.2471296296,39905.4064814815,2009-04-02,05:55:52
4,414,413,116.32667366666666,39.99992114285713,39905.4316898148,39905.6697916667,2009-04-02,10:21:38
4,416,415,116.29777706122448,39.76282263265306,39906.1964814815,39906.3797106481,2009-04-03,04:42:56
4,417,416,116.2925403235294,39.95944638235294,39906.4427893519,39906.4742361111,2009-04-03,10:37:37
4,418,417,116.30124988073392,39.96566611926606,39906.4936226852,39906.5238310185,2009-04-03,11:50:49
4,419,-1,116.30119982051282,39.96573989743591,39907.1641435185,39907.1853587963,2009-04-04,03:56:22
4,420,419,116.3031670131579,39.96570032894738,39907.1857175926,39907.2145486111,2009-04-04,04:27:26
4,421,420,116.38935956880734,39.898725477064225,39907.2752546296,39907.3521875,2009-04-04,06:36:22
4,422,421,116.39055754444449,39.90319705555555,39907.3578587963,39907.4377893518,2009-04-04,08:35:19
4,423,422,116.30182543362837,39.966495327433634,39907.506724537,39907.5399884259,2009-04-04,12:09:41
4,424,-1,116.30232645771149,39.965856298507475,39908.1519328704,39908.2134837963,2009-04-05,03:38:47
4,427,426,116.30580794444447,39.98385711111112,39908.4236574074,39908.4792361111,2009-04-05,10:10:04
4,428,427,116.30156038888886,39.96573975555555,39908.4938773148,39908.5175231481,2009-04-05,11:51:11
4,429,-1,116.32617307692304,40.00003149999999,39909.2587847222,39909.3358680556,2009-04-06,06:12:39
4,431,430,116.32760120689656,39.99518144827586,39909.4275578704,39909.4536111111,2009-04-06,10:15:41
4,432,431,116.32679915384617,39.9922021923077,39909.4574421296,39909.4821643519,2009-04-06,10:58:43
4,433,-1,116.31988684435494,40.00765239919361,39909.9017013889,39910.0004861111,2009-04-06,21:38:27
4,434,433,116.31979079614327,40.007763920110214,39910.0025694444,39910.0277430556,2009-04-07,00:03:42
4,436,435,116.31543792857143,39.97479989285713,39910.1140856481,39910.1493865741,2009-04-07,02:44:17
4,438,437,116.44551878571428,39.9205385,39910.3158680556,39910.3485069444,2009-04-07,07:34:51
4,439,438,116.31989461776875,40.00758107438014,39910.3816087963,39910.4189930556,2009-04-07,09:09:31
4,440,-1,116.3270741,39.999807,39911.1326388889,39911.1797106481,2009-04-08,03:11:00
4,441,440,116.32719379999999,39.999792942857134,39911.2053819444,39911.2290046296,2009-04-08,04:55:45
4,442,441,116.3271566,39.99957568,39911.2619675926,39911.4067361111,2009-04-08,06:17:14
4,445,444,116.32659808333334,39.99981891666668,39912.5912847222,39912.7715625,2009-04-09,14:11:27
4,447,446,116.32700989090908,40.000826345454556,39913.0215393519,39913.1492476852,2009-04-10,00:31:01
4,448,447,116.32511454000003,40.00543710000001,39913.163275463,39913.2191666667,2009-04-10,03:55:07
4,449,448,116.3271779047619,39.999580095238095,39913.2215393518,39913.3163078704,2009-04-10,05:19:01
4,450,449,116.29779618421054,39.76280676315789,39913.3716319444,39913.5459490741,2009-04-10,08:55:09
4,451,450,116.32680443243245,40.00007562162161,39913.6090972222,39913.7126041667,2009-04-10,14:37:06
4,452,-1,116.32630695348837,39.99986569767443,39914.2671759259,39914.3066550926,2009-04-11,06:24:44
4,455,-1,116.32710258620686,39.99952924137931,39915.0405439815,39915.2446412037,2009-04-12,00:58:23
4,456,455,116.3273117916667,39.99441116666665,39915.2946990741,39915.326412037,2009-04-12,07:04:22
4,457,456,116.29745360869562,39.76264765217391,39915.3659953704,39915.5271296296,2009-04-12,08:47:02
4,458,-1,116.32715571111112,39.999634199999996,39916.247037037,39916.3159259259,2009-04-13,05:55:44
4,459,458,116.2977859411765,39.76275035294116,39916.3627083333,39916.5459143519,2009-04-13,08:42:18
4,460,459,116.3268356923077,39.999767410256425,39916.5888541667,39916.6168402778,2009-04-13,14:07:57
4,461,-1,116.29734786842104,39.762919078947384,39916.9526736111,39917.1723958333,2009-04-13,22:51:51
4,463,462,116.32677013513515,39.99970405405405,39917.2538657407,39917.3082407407,2009-04-14,06:05:34
4,464,463,116.32699274025971,39.999992545454546,39917.3196296296,39917.4133680556,2009-04-14,07:40:16
4,466,-1,116.46698474418606,39.90922218604651,39918.3487384259,39918.3878587963,2009-04-15,08:22:11
4,469,468,116.32549262500001,39.994387625,39919.2350925926,39919.3130787037,2009-04-16,05:38:32
4,470,469,116.3271588426966,39.99975440449437,39919.3172453704,39919.4176273148,2009-04-16,07:36:50
4,471,470,116.3275283,39.99527793,39919.4186111111,39919.4439351852,2009-04-16,10:02:48
4,472,471,116.32672840625,39.99982434374999,39919.4448032407,39919.6183912037,2009-04-16,10:40:31
4,473,-1,116.29773703703705,39.76284048148149,39919.9559837963,39920.0459722222,2009-04-16,22:56:37
4,474,473,116.32714260606063,39.9998603030303,39920.0979976852,39920.1488657407,2009-04-17,02:21:07
4,475,474,116.32307688888889,40.00950948148148,39920.1529166667,39920.1784027778,2009-04-17,03:40:12
4,476,475,116.32709910169493,40.000400644067795,39920.181875,39920.3938657407,2009-04-17,04:21:54
4,477,-1,116.29400804615388,40.05125376923078,39921.3678125,39921.3912152778,2009-04-18,08:49:39
4,479,478,116.32682424000004,40.00009306,39921.4750694444,39921.7248263889,2009-04-18,11:24:06
4,480,-1,116.33873329166664,39.971363874999994,39922.0517361111,39922.0840856481,2009-04-19,01:14:30
4,481,480,116.78851833333333,39.948589,39922.2071412037,39922.4278587963,2009-04-19,04:58:17
4,482,481,116.46700504545453,39.908844022727266,39922.4584143519,39922.4930787037,2009-04-19,11:00:07
4,483,-1,116.31552194382023,40.009558146067405,39922.8584953704,39923.0768171296,2009-04-19,20:36:14
4,484,483,116.32679656716418,40.0001324477612,39923.0815625,39923.1694212963,2009-04-20,01:57:27
4,485,484,116.32717279245287,40.000146924528316,39923.1917592593,39923.3152893518,2009-04-20,04:36:08
4,488,487,116.32639111764706,39.999902176470584,39923.5255787037,39923.7658333333,2009-04-20,12:36:50
4,489,-1,116.323764125,40.0094563125,39924.2264351852,39924.2898726852,2009-04-21,05:26:04
4,493,492,116.32708395312501,40.00028249999999,39924.4614814815,39924.6559490741,2009-04-21,11:04:32
4,494,-1,116.3176326,40.00526142,39925.1838541667,39925.2047916667,2009-04-22,04:24:45
4,495,494,116.32596059649126,40.00010507017544,39925.2078587963,39925.3010300926,2009-04-22,04:59:19
4,496,495,116.3238798965517,40.00085272413793,39925.3010300926,39925.3743402778,2009-04-22,07:13:29
4,497,496,116.32610343939393,39.99997243939393,39925.3743402778,39925.4112847222,2009-04-22,08:59:03
4,498,497,116.32166764912284,40.00658908771932,39925.4134259259,39925.4352777778,2009-04-22,09:55:20
4,499,-1,116.32708680327869,39.99997739344261,39926.0655208333,39926.1571990741,2009-04-23,01:34:21
4,501,500,116.30158509090907,39.965755769696955,39926.4018634259,39926.4421180556,2009-04-23,09:38:41
4,502,-1,116.32703148936169,40.000425872340436,39927.0441550926,39927.1600231482,2009-04-24,01:03:35
4,503,502,116.32517646875003,40.00627090625002,39927.1701967593,39927.2204398148,2009-04-24,04:05:05
4,504,503,116.3153133655914,40.00984489247312,39927.2240277778,39927.2688078704,2009-04-24,05:22:36
4,507,506,116.321166,40.009175758064515,39927.3993981481,39927.4213194444,2009-04-24,09:35:08
4,509,508,116.32723137500003,39.999960324999996,39927.4875462963,39927.7090740741,2009-04-24,11:42:04
4,510,509,116.3270264356846,40.00080633609954,39927.7090740741,39927.7921064815,2009-04-24,17:01:04
4,512,-1,116.32681031555555,40.00046898666664,39928.1256944444,39928.199224537,2009-04-25,03:01:00
4,513,512,116.32685646031746,40.00058637500005,39928.2002662037,39928.2534490741,2009-04-25,04:48:23
4,514,513,116.3269926163366,40.000635599009904,39928.2539699074,39928.2781018519,2009-04-25,06:05:43
4,515,514,116.32694477666672,40.00054629333332,39928.2805324074,39928.3118402778,2009-04-25,06:43:58
4,516,515,116.3628518076923,39.95853334615385,39928.3420949074,39928.3861342593,2009-04-25,08:12:37
4,517,516,116.35642213356176,39.95800866438355,39928.3942939815,39928.4222685185,2009-04-25,09:27:47
4,518,517,116.3614728783784,39.95828495945946,39928.4257986111,39928.4995138889,2009-04-25,10:13:09
4,519,518,116.35812992112679,39.95824276338024,39928.4995138889,39928.5229398148,2009-04-25,11:59:18
4,520,519,116.32689729411763,39.99990750980392,39928.5786226852,39928.7767592593,2009-04-25,13:53:13
4,522,-1,116.29790733333334,39.76228033333333,39929.9507523148,39929.9730324074,2009-04-26,22:49:05
4,525,524,116.32714410416668,39.99987629166666,39930.2503009259,39930.4068171296,2009-04-27,06:00:26
4,526,525,116.3266378076923,40.00201461538462,39930.4395023148,39930.5243055556,2009-04-27,10:32:53
4,527,-1,116.31522344318181,40.00976251136365,39930.7857175926,39931.0353472222,2009-04-27,18:51:26
4,528,527,116.32690986666668,40.00007489999999,39931.0445486111,39931.188900463,2009-04-28,01:04:09
4,530,529,116.32628859649124,39.99990735087719,39931.2269791667,39931.4098842593,2009-04-28,05:26:51
4,531,530,116.32678033333333,39.999596366666665,39931.4359953704,39931.6172106481,2009-04-28,10:27:50
4,534,533,116.32716239999998,40.000168266666655,39932.0511226852,39932.142037037,2009-04-29,01:13:37
4,537,536,116.30127100000004,39.96785548076924,39932.398587963,39932.4660648148,2009-04-29,09:33:58
4,538,-1,116.30151619285714,39.96653156428573,39933.1586111111,39933.3912152778,2009-04-30,03:48:24
4,539,538,116.30230314659688,39.96608615183245,39933.3989236111,39933.4331712963,2009-04-30,09:34:27
4,541,-1,116.30163799173549,39.96628058677684,39934.1634375,39934.1954166667,2009-05-01,03:55:21
4,542,541,116.30182953773586,39.96719230188681,39934.1954166667,39934.4447569444,2009-05-01,04:41:24
4,543,542,116.3018422820513,39.96580792307693,39934.4447569444,39934.4738541667,2009-05-01,10:40:27
4,544,543,116.30157095652177,39.965563086956514,39934.4945023148,39934.5223032407,2009-05-01,11:52:05
4,545,544,116.32672808108109,39.9996787027027,39934.546724537,39934.7137615741,2009-05-01,13:07:17
4,547,546,116.31740340350878,40.005936771929825,39935.1400578704,39935.1745717593,2009-05-02,03:21:41
4,550,549,116.31695480263159,40.00472253947368,39935.4129861111,39935.451875,2009-05-02,09:54:42
4,551,-1,116.32620889380536,39.999941592920344,39936.0690856481,39936.1080208333,2009-05-03,01:39:29
4,552,551,116.318635712,39.998598896000004,39936.1128240741,39936.1516550926,2009-05-03,02:42:28
4,556,555,116.22081350576595,39.89649511367379,39936.3043518519,39936.3644791667,2009-05-03,07:18:16
4,557,556,116.23240091666665,39.907043055555555,39936.3792361111,39936.4155787037,2009-05-03,09:06:06
4,558,-1,116.32704357142855,40.00051211904761,39937.0781712963,39937.1180439815,2009-05-04,01:52:34
4,559,558,116.32666934615386,39.99978446153846,39937.1187384259,39937.1479166667,2009-05-04,02:50:59
4,560,559,116.316802296875,40.00492192187502,39937.156712963,39937.1929398148,2009-05-04,03:45:40
4,561,560,116.32145437499999,40.01078646874999,39937.2031828704,39937.2710185185,2009-05-04,04:52:35
4,563,562,116.3175388571429,40.00520625000001,39937.3995717593,39937.4359027778,2009-05-04,09:35:23
4,564,-1,116.32839150000001,39.9820945,39938.0660763889,39938.1865046296,2009-05-05,01:35:09
4,566,565,116.3169808651685,40.004726370786514,39938.4031134259,39938.4411458333,2009-05-05,09:40:29
4,567,566,116.32659166666669,39.999971333333335,39938.4471643518,39938.5440277778,2009-05-05,10:43:55
4,573,572,116.32744879999997,39.995445933333336,39939.4467824074,39939.4752893519,2009-05-06,10:43:22
4,577,-1,116.3269796037736,40.00020994339621,39941.0890856481,39941.2919444444,2009-05-08,02:08:17
4,578,577,116.33240032110102,39.99105750152906,39941.3260416667,39941.4807407407,2009-05-08,07:49:30
4,579,578,116.32707596135272,40.00001521256037,39941.5225462963,39941.5459606481,2009-05-08,12:32:28
4,580,-1,116.30164049659865,39.96608316326533,39942.1477314815,39942.4118287037,2009-05-09,03:32:44
4,583,582,116.30132606,39.96614734,39943.1469791667,39943.1734375,2009-05-10,03:31:39
4,586,585,116.30148896825392,39.966334999999994,39943.5191203704,39943.5423148148,2009-05-10,12:27:32
4,587,-1,116.32653741666667,39.99528175,39944.3509143519,39944.3731481481,2009-05-11,08:25:19
4,588,587,116.32750312499999,40.00009975,39944.3751967593,39944.3981018519,2009-05-11,09:00:17
4,589,588,116.32662139344255,40.00010157377048,39944.4256365741,39944.6656365741,2009-05-11,10:12:55
4,590,-1,116.32691759459458,40.000125675675676,39945.1393865741,39945.1717476852,2009-05-12,03:20:43
4,591,590,116.3224697105263,40.010608842105256,39945.1938888889,39945.2286342593,2009-05-12,04:39:12
4,592,591,116.32318405128208,40.01008101282051,39945.2286342593,39945.308587963,2009-05-12,05:29:14
4,593,592,116.32697110714284,40.00020310714286,39945.3383217593,39945.4132523148,2009-05-12,08:07:11
4,594,593,116.32099126086955,40.00932669565218,39945.417650463,39945.4399305556,2009-05-12,10:01:25
4,595,594,116.32662958536586,39.999915463414624,39945.4531828704,39945.5494212963,2009-05-12,10:52:35
4,596,595,116.32225402127656,40.010779127659575,39945.5542824074,39945.6096759259,2009-05-12,13:18:10
4,598,-1,116.32626486956518,39.99990652173913,39946.2344675926,39946.3018865741,2009-05-13,05:37:38
4,600,599,116.32613409677421,40.00255190322582,39946.3777199074,39946.4364814815,2009-05-13,09:03:55
4,601,600,116.32116490476189,40.00974742857144,39946.4398958333,39946.462037037,2009-05-13,10:33:27
4,602,601,116.32105565625,40.01053050000001,39946.4632175926,39946.5003935185,2009-05-13,11:07:02
4,605,604,116.32235014285715,40.01024928571427,39947.2166319444,39947.2509375,2009-05-14,05:11:57
4,607,606,116.32712757575754,40.00032278787879,39947.3220949074,39947.3974537037,2009-05-14,07:43:49
4,608,-1,116.32702787692305,40.000308953846144,39948.286875,39948.3839351852,2009-05-15,06:53:06
4,609,608,116.3209144285714,40.009016375,39948.3881018519,39948.4141203704,2009-05-15,09:18:52
4,611,610,116.32775968656718,39.99545147761195,39949.3863425926,39949.4954861111,2009-05-16,09:16:20
4,612,-1,116.32654890243901,39.999936756097554,39950.1762268519,39950.2126851852,2009-05-17,04:13:46
4,613,612,116.30784192307692,39.9836964102564,39950.2233333333,39950.2956712963,2009-05-17,05:21:36
4,614,613,116.30994702127666,39.97937390425531,39950.3122800926,39950.4034953704,2009-05-17,07:29:41
4,615,-1,116.32713228205125,40.00034317948718,39951.2458101852,39951.4014583333,2009-05-18,05:53:58
4,616,615,116.32088819999998,40.009235923076936,39951.4058564815,39951.4299768518,2009-05-18,09:44:26
4,618,617,116.32673378070172,40.00142348245616,39951.5323263889,39951.6094328704,2009-05-18,12:46:33
4,619,618,116.32738362500001,39.999980531249996,39951.6131944444,39951.6722222222,2009-05-18,14:43:00
4,621,620,116.32254463157896,40.00979657894737,39952.1718055556,39952.1932175926,2009-05-19,04:07:24
4,622,621,116.32247411320755,40.01016605660376,39952.193275463,39952.2307986111,2009-05-19,04:38:19
4,623,622,116.32362869892475,40.00948656989246,39952.2307986111,39952.2858564815,2009-05-19,05:32:21
4,624,623,116.32723994285713,40.00013262857143,39952.3032986111,39952.4080902778,2009-05-19,07:16:45
4,625,624,116.32622486842106,40.00000565789474,39952.4375347222,39952.4948611111,2009-05-19,10:30:03
4,626,625,116.32238248888892,40.00998386666665,39952.4979861111,39952.5481597222,2009-05-19,11:57:06
4,627,626,116.32672639622639,39.999766339622646,39952.5520949074,39952.7595833333,2009-05-19,13:15:01
4,628,-1,116.3241309,40.000836500000005,39953.3007175926,39953.3732638889,2009-05-20,07:13:02
4,630,629,116.32719011111112,40.00860625000001,39953.4007986111,39953.4936574074,2009-05-20,09:37:09
4,631,630,116.3276252,40.00013937142857,39953.4958564815,39953.7327893519,2009-05-20,11:54:02
4,633,632,116.32678400000002,40.000243000000005,39954.1980324074,39954.2688888889,2009-05-21,04:45:10
4,634,633,116.415819,39.9695825,39954.360150463,39954.5256134259,2009-05-21,08:38:37
4,635,-1,116.32727429310347,40.000075913793104,39956.5551157407,39956.7542013889,2009-05-23,13:19:22
4,637,636,116.32602821428573,40.000107642857145,39957.2212615741,39957.4092013889,2009-05-24,05:18:37
4,638,-1,116.3266079375,39.999793187499996,39958.2935532407,39958.4098148148,2009-05-25,07:02:43
4,639,638,116.32653974999998,39.99327949999999,39958.4144444444,39958.4952083333,2009-05-25,09:56:48
4,640,639,116.32633372033902,40.002399271186455,39958.5018518518,39958.524849537,2009-05-25,12:02:40
4,642,-1,116.32643555172416,40.00057860344828,39959.113587963,39959.1542013889,2009-05-26,02:43:34
4,643,642,116.32225990625003,40.01026471874999,39959.1707291667,39959.229224537,2009-05-26,04:05:51
4,645,644,116.32660831481482,40.00132198148148,39959.3072453704,39959.4059722222,2009-05-26,07:22:26
4,646,645,116.32086863157893,40.008626078947366,39959.4093865741,39959.5023726852,2009-05-26,09:49:31
4,647,646,116.32685731250001,39.999476406250004,39959.5058449074,39959.5519560185,2009-05-26,12:08:25
4,648,647,116.32711264705883,39.999307882352944,39959.5650462963,39959.7174305556,2009-05-26,13:33:40
4,650,649,116.32715323076927,40.00020282417583,39960.3700925926,39960.4316898148,2009-05-27,08:52:56
4,651,650,116.32687053846152,40.00026925641026,39960.4555787037,39960.6086458333,2009-05-27,10:56:02
4,653,652,116.41950501910833,39.90322107643313,39960.9458680556,39961.053912037,2009-05-27,22:42:03
4,655,654,116.32707040425535,39.99944380851064,39961.1965856481,39961.39625,2009-05-28,04:43:05
4,656,655,116.30137865454546,39.96588361818183,39961.4167939815,39961.4394675926,2009-05-28,10:00:11
4,657,-1,116.30149477070063,39.96617403184716,39962.1716203704,39962.1939814815,2009-05-29,04:07:08
4,659,-1,116.30161629032258,39.96572407526882,39963.1660069444,39963.2397800926,2009-05-30,03:59:03
4,660,659,116.30663089285716,39.96827265476189,39963.247337963,39963.491412037,2009-05-30,05:56:10
4,661,660,116.30165337142859,39.9661289857143,39963.4967939815,39963.5192592593,2009-05-30,11:55:23
4,663,-1,116.32670627777776,39.99979605555556,39965.2786689815,39965.3123726852,2009-06-01,06:41:17
4,664,663,116.32671500000002,39.99993694444444,39965.3405787037,39965.4088194444,2009-06-01,08:10:26
4,666,665,116.32524703571433,39.99583867857143,39965.4528125,39965.5137268519,2009-06-01,10:52:03
4,667,666,116.32673512820517,39.99965851282052,39965.5143634259,39965.6051736111,2009-06-01,12:20:41
4,668,-1,116.3231060352941,40.0097831882353,39966.2304050926,39966.3151273148,2009-06-02,05:31:47
4,669,668,116.32717535897434,40.0005132051282,39966.3209143518,39966.4102777778,2009-06-02,07:42:07
4,670,-1,116.32705480281695,39.99514145070422,39966.7917361111,39966.8199652778,2009-06-02,19:00:06
4,671,-1,116.32713521428576,40.00004950000001,39967.210787037,39967.3814351852,2009-06-03,05:03:32
4,672,671,116.32255519148934,40.010012978723395,39967.3867592593,39967.4190856481,2009-06-03,09:16:56
4,673,672,116.32426975,40.00332,39967.4237152778,39967.4949421296,2009-06-03,10:10:09
4,675,674,116.32634233333332,39.999825133333346,39967.5546875,39967.6238657407,2009-06-03,13:18:45
4,677,-1,116.32699176470591,40.000477960784316,39968.0487615741,39968.1694097222,2009-06-04,01:10:13
4,678,677,116.32699262499996,40.00070893750001,39968.209212963,39968.4105324074,2009-06-04,05:01:16
4,680,-1,116.3271422333333,40.000219900000005,39969.0929166667,39969.1639583333,2009-06-05,02:13:48
4,681,680,116.31550882456139,40.00970324561403,39969.1924884259,39969.2509375,2009-06-05,04:37:11
4,682,681,116.3270292253521,40.000540732394356,39969.2581134259,39969.3872916667,2009-06-05,06:11:41
4,683,682,116.32496320689658,40.003595931034475,39969.4198611111,39969.4996527778,2009-06-05,10:04:36
4,685,-1,116.32430400000004,40.00229422222222,39970.259375,39970.4444097222,2009-06-06,06:13:30
4,686,685,116.32842732692305,39.995250557692316,39970.4672685185,39970.5045138889,2009-06-06,11:12:52
4,687,686,116.29813540506328,39.967225405063296,39970.5494791667,39970.7722337963,2009-06-06,13:11:15
4,688,-1,116.3010600138889,39.96702311111112,39971.3801967593,39971.4552199074,2009-06-07,09:07:29
4,690,-1,116.32669838235292,40.00120132352941,39972.2562731481,39972.4007291667,2009-06-08,06:09:02
4,691,690,116.32654791780818,39.99299665753424,39972.430474537,39972.4640162037,2009-06-08,10:19:53
4,692,-1,116.32310817241382,40.00979753448275,39973.2919675926,39973.320787037,2009-06-09,07:00:26
4,693,692,116.32688600000002,40.000220500000005,39973.3262268519,39973.4245949074,2009-06-09,07:49:46
4,695,694,116.32644427499997,40.00217286250001,39973.5016435185,39973.5882060185,2009-06-09,12:02:22
4,698,697,116.32723898305085,40.00027449152542,39974.3607407407,39974.3867592593,2009-06-10,08:39:28
4,699,698,116.32101410526316,40.009077000000005,39974.3915046296,39974.4457175926,2009-06-10,09:23:46
4,700,-1,116.32698118811878,40.000754574257435,39975.2955902778,39975.3476041667,2009-06-11,07:05:39
4,702,701,116.3214185,40.0108269,39975.4687384259,39975.5361226852,2009-06-11,11:14:59
4,704,-1,116.32720775806452,39.99972885483872,39976.3306481481,39976.4140972222,2009-06-12,07:56:08
4,705,704,116.29999578947364,39.975629526315785,39976.4495717593,39976.5477083333,2009-06-12,10:47:23
4,706,-1,116.08227322707438,40.09314041921402,39977.1611574074,39977.2514351852,2009-06-13,03:52:04
4,707,706,116.08386112217191,40.101313846153836,39977.319375,39977.3442592593,2009-06-13,07:39:54
4,710,-1,116.32713693975904,40.00025872289156,39979.2084259259,39979.4565277778,2009-06-15,05:00:08
4,711,710,116.32058772727274,40.00903218181817,39979.4614467593,39979.5018402778,2009-06-15,11:04:29
4,712,-1,116.32630520689654,39.99994260344827,39980.2588078704,39980.4283333333,2009-06-16,06:12:41
4,713,712,116.3271311,40.00061649999999,39980.4525810185,39980.4984375,2009-06-16,10:51:43
4,714,713,116.32674129090908,40.00145880000001,39980.5001736111,39980.585787037,2009-06-16,12:00:15
4,715,-1,116.32642091304346,39.99996282608697,39981.0796527778,39981.1351967593,2009-06-17,01:54:42
4,718,717,116.32088285483873,40.00892743548387,39981.4045486111,39981.4272800926,2009-06-17,09:42:33
4,719,718,116.32673353191485,39.99303076595745,39981.4375810185,39981.4638773148,2009-06-17,10:30:07
4,720,719,116.32698866666667,39.999596166666656,39981.4661342593,39981.6831828704,2009-06-17,11:11:14
4,721,-1,116.32712290909093,40.00225863636364,39982.1042708333,39982.1430092593,2009-06-18,02:30:09
4,722,721,116.32087370999997,40.00865751999999,39982.1602546296,39982.1935185185,2009-06-18,03:50:46
4,723,-1,116.32723869230769,40.00019423076924,39983.2849768519,39983.3581944444,2009-06-19,06:50:22
4,724,723,116.34244635,40.006142950000005,39983.3658912037,39983.4011574074,2009-06-19,08:46:53
4,725,724,116.32703662857142,39.999894857142856,39983.4099074074,39983.4411689815,2009-06-19,09:50:16
4,726,725,116.32098830909095,40.008979890909096,39983.4464930556,39983.4719907407,2009-06-19,10:42:57
4,728,727,116.32583940983608,40.00121286885247,39984.227650463,39984.2543518519,2009-06-20,05:27:49
4,730,729,116.326187375,39.998749374999996,39984.3069907407,39984.4868402778,2009-06-20,07:22:04
4,731,-1,116.32691335714286,39.9991385,39985.309525463,39985.4274305556,2009-06-21,07:25:43
4,732,731,116.3097914491978,39.978019336898406,39985.4849537037,39985.5683101852,2009-06-21,11:38:20
4,734,733,116.32665639999998,40.000804200000005,39986.410625,39986.5927662037,2009-06-22,09:51:18
4,735,734,116.32642776315788,39.999909473684205,39986.5986689815,39986.7298148148,2009-06-22,14:22:05
4,738,737,116.34221683783778,40.005965378378384,39987.3187268519,39987.366412037,2009-06-23,07:38:58
4,741,740,116.32140425,40.012913749999996,39987.5205208333,39987.5635300926,2009-06-23,12:29:33
4,742,741,116.3269054878049,40.00039090243903,39987.5690856481,39987.7519328704,2009-06-23,13:39:29
4,744,743,116.32708410000001,40.00048206666667,39988.175150463,39988.4045023148,2009-06-24,04:12:13
4,745,744,116.31823223809523,40.00507115873015,39988.4090740741,39988.4305671296,2009-06-24,09:49:04
4,746,-1,116.32188570464139,39.99188010126582,39989.5276041667,39989.5593171296,2009-06-25,12:39:45
4,748,-1,116.3249351857143,40.00368250000002,39989.9173726852,39990.0078819444,2009-06-25,22:01:01
4,749,748,116.32249768421056,40.010185315789464,39990.0099074074,39990.036099537,2009-06-26,00:14:16
4,751,750,116.32269858333335,40.00986408333333,39990.1716666667,39990.3180902778,2009-06-26,04:07:12
4,752,751,116.32699237777778,40.000404844444446,39990.3250462963,39990.412662037,2009-06-26,07:48:04
4,753,752,116.32669183636362,39.992617181818176,39990.4448611111,39990.4726388889,2009-06-26,10:40:36
4,757,756,116.32127533620688,40.01117740517239,39991.4411689815,39991.4641550926,2009-06-27,10:35:17
4,758,757,116.32651935384617,39.993218000000006,39991.4733564815,39991.4947106481,2009-06-27,11:21:38
4,760,759,116.33687200000001,39.976713048000015,39991.5919907407,39991.625150463,2009-06-27,14:12:28
4,762,761,116.43708625,39.959751807692314,39992.0693171296,39992.1659490741,2009-06-28,01:39:49
4,764,763,116.32653918181818,39.99977572727273,39992.2832291667,39992.4895717593,2009-06-28,06:47:51
4,765,-1,116.32689500000001,40.003186,39993.082025463,39993.15375,2009-06-29,01:58:07
4,766,765,116.32678666666665,39.99952960606062,39993.1833680556,39993.3682407407,2009-06-29,04:24:03
4,767,766,116.32708435294118,39.99978376470588,39993.3844444444,39993.4073032407,2009-06-29,09:13:36
4,769,768,116.31767226315786,40.00505401754384,39994.3871643519,39994.4184722222,2009-06-30,09:17:31
4,770,769,116.32710595,39.999229199999995,39994.4429513889,39994.5019444444,2009-06-30,10:37:51
4,771,770,116.32667804285718,40.00173048571429,39994.5042013889,39994.5716666667,2009-06-30,12:06:03
4,772,-1,116.32699243478257,39.99981960869566,39994.9584722222,39995.0446064815,2009-06-30,23:00:12
4,773,772,116.29774665,39.9668315,39995.0847106481,39995.1726041667,2009-07-01,02:01:59
4,775,774,116.3264844,40.002212300000004,39995.2307523148,39995.407025463,2009-07-01,05:32:17
4,776,775,116.31147744680851,40.01488757446807,39995.4325694444,39995.5324305556,2009-07-01,10:22:54
4,777,776,116.32722025,40.00011475,39995.5429050926,39995.7174189815,2009-07-01,13:01:47
4,780,779,116.30967149824563,39.995991635087734,39996.2828819444,39996.3064930556,2009-07-02,06:47:21
4,781,780,116.31003438153101,39.99534945443501,39996.3064930556,39996.3898842593,2009-07-02,07:21:21
4,783,782,116.31624260798122,40.00587402582156,39996.4355439815,39996.4636111111,2009-07-02,10:27:11
4,784,-1,116.32786115999993,40.00063087333335,39997.0434143519,39997.2425694444,2009-07-03,01:02:31
4,785,784,116.32689282758616,40.001108793103434,39997.2602777778,39997.4152662037,2009-07-03,06:14:48
4,786,785,116.32823828260871,40.03775039130435,39997.4859490741,39997.5417361111,2009-07-03,11:39:46
4,787,786,116.33041381939785,40.03531352006693,39997.5522106481,39997.6198611111,2009-07-03,13:15:11
4,788,-1,116.32682035294118,40.00042695588236,39998.0503935185,39998.1741666667,2009-07-04,01:12:34
4,789,788,116.32619033628322,39.99961481415928,39998.202650463,39998.2846296296,2009-07-04,04:51:49
4,790,789,116.32190121428572,40.010811357142856,39998.2973611111,39998.4518402778,2009-07-04,07:08:12
4,791,790,116.30252533333329,39.96556652054795,39998.5009143518,39998.5337731481,2009-07-04,12:01:19
4,792,791,116.3266094230769,39.99989923076924,39998.5640393518,39998.8096064815,2009-07-04,13:32:13
4,794,793,116.30288619999996,39.971678299999994,39999.3262962963,39999.3951041667,2009-07-05,07:49:52
4,795,794,116.37797,39.92302025,39999.3951041667,39999.5965393518,2009-07-05,09:28:57
4,796,-1,116.32664085714283,40.00102038095239,40000.3332291667,40000.3902083333,2009-07-06,07:59:51
4,797,796,116.320697125,40.00923302083333,40000.3949537037,40000.4221064815,2009-07-06,09:28:44
4,798,-1,116.32678736734694,40.00111644897959,40001.0813773148,40001.1534143519,2009-07-07,01:57:11
4,799,798,116.32315675000002,40.00956742500001,40001.1564236111,40001.2376388889,2009-07-07,03:45:15
4,800,799,116.32649192537312,40.00117468656717,40001.2402430556,40001.3981828704,2009-07-07,05:45:57
4,802,801,116.3266523529412,39.99971188235294,40001.4825,40001.5165740741,2009-07-07,11:34:48
4,803,802,116.3269275151515,40.0012897878788,40001.5165740741,40001.5827083333,2009-07-07,12:23:52
4,805,-1,116.32757378181816,40.000631927272735,40002.0966666667,40002.1733680556,2009-07-08,02:19:12
4,807,806,116.34190063157891,40.006021473684214,40002.2444212963,40002.3270717593,2009-07-08,05:51:58
4,809,808,116.3273898712871,39.99552472277227,40002.4343865741,40002.461875,2009-07-08,10:25:31
4,811,810,116.32678881249998,40.000158093749995,40002.5616087963,40002.6971527778,2009-07-08,13:28:43
4,814,813,116.3270154736842,40.00046815789474,40003.4463194444,40003.5374421296,2009-07-09,10:42:42
4,815,814,116.32765168067226,39.99510119327733,40003.5396412037,40003.7564930556,2009-07-09,12:57:05
4,820,-1,116.31843039237062,40.00104346321528,40005.113287037,40005.1437268518,2009-07-11,02:43:08
4,821,820,116.32624779487182,39.99384074358976,40005.1884606481,40005.2407175926,2009-07-11,04:31:23
4,822,821,116.32201121212121,40.01050421212121,40005.2582523148,40005.3163888889,2009-07-11,06:11:53
4,824,823,116.33388540000001,39.991827,40005.3950925926,40005.5194560185,2009-07-11,09:28:56
4,827,-1,116.30137793023252,39.9663087767442,40006.1841550926,40006.228900463,2009-07-12,04:25:11
4,829,828,116.36853744897955,39.90932483673469,40006.320150463,40006.4099768519,2009-07-12,07:41:01
4,831,-1,116.32617187142856,40.0011171,40007.1315625,40007.1621643519,2009-07-13,03:09:27
4,833,832,116.32711946874997,39.99958270312499,40007.2038078704,40007.2888657407,2009-07-13,04:53:29
4,834,833,116.32622424637681,40.000557579710154,40007.3068634259,40007.3865277778,2009-07-13,07:21:53
4,835,834,116.32056845833336,40.0088695625,40007.3894791667,40007.4266898148,2009-07-13,09:20:51
4,836,835,116.32694445,40.000185825,40007.4307407407,40007.4520949074,2009-07-13,10:20:16
4,840,839,116.32072366666665,40.00914044444444,40008.3867708333,40008.4549189815,2009-07-14,09:16:57
4,841,840,116.326799375,40.000516250000004,40008.4631944444,40008.6191898148,2009-07-14,11:07:00
4,842,-1,116.32682033333332,39.999975166666665,40009.0514467593,40009.1099537037,2009-07-15,01:14:05
4,844,843,116.32672255555559,39.999954666666675,40009.1951967593,40009.3449884259,2009-07-15,04:41:05
4,845,844,116.32704360714287,39.999365499999996,40009.3644328704,40009.410150463,2009-07-15,08:44:47
4,846,845,116.32657485245903,39.992683196721316,40009.4135416667,40009.4426388889,2009-07-15,09:55:30
4,848,847,116.32696931481483,40.000557092592594,40010.1288310185,40010.1549305556,2009-07-16,03:05:31
4,850,849,116.6105964375,40.05328240624999,40010.2967824074,40010.3243518519,2009-07-16,07:07:22
4,854,853,116.43601943478261,39.90418795652174,40011.4078587963,40011.4568634259,2009-07-17,09:47:19
4,857,856,116.3279771612903,39.99492080645162,40011.6233449074,40011.724525463,2009-07-17,14:57:37
4,858,-1,116.32709934375002,40.00019825,40012.1591319444,40012.1901041667,2009-07-18,03:49:09
4,861,860,116.43410947826086,39.904825369565216,40012.5063888889,40012.5975578704,2009-07-18,12:09:12
4,862,861,116.32698492857142,39.99958489285715,40012.6005671296,40012.7620023148,2009-07-18,14:24:49
4,863,-1,116.32691220588234,39.99977979411765,40013.130474537,40013.1696990741,2009-07-19,03:07:53
4,864,863,116.30233889285715,39.96595028571427,40013.1999652778,40013.2272800926,2009-07-19,04:47:57
4,865,864,116.33205143362837,39.935741849557516,40013.2797800926,40013.3868981482,2009-07-19,06:42:53
4,866,865,116.30105913771193,39.96634544279662,40013.4122800926,40013.4865856481,2009-07-19,09:53:41
4,867,866,116.32691305714287,39.999882571428564,40013.5227546296,40013.6227430556,2009-07-19,12:32:46
4,868,-1,116.32584445360828,39.999914680412374,40014.2716550926,40014.3804976852,2009-07-20,06:31:11
4,869,868,116.321050054054,40.009226324324324,40014.3870949074,40014.4255671296,2009-07-20,09:17:25
4,870,869,116.32132834883721,40.01484562790698,40014.4412615741,40014.4952314815,2009-07-20,10:35:25
4,871,-1,116.32698046666665,40.00065046666668,40015.1966550926,40015.4405208333,2009-07-21,04:43:11
4,872,871,116.32688015624998,39.999670437499994,40015.4694212963,40015.7208796296,2009-07-21,11:15:58
4,873,-1,116.32715994444445,39.99960205555555,40017.1742361111,40017.2286921296,2009-07-23,04:10:54
4,874,873,116.3269970882353,39.99954308823529,40017.3197685185,40017.4871990741,2009-07-23,07:40:28
4,875,874,116.32658591666666,40.000006583333324,40017.5100694444,40017.753275463,2009-07-23,12:14:30
4,876,-1,116.32424574999999,40.00611708333333,40018.2260416667,40018.2577662037,2009-07-24,05:25:30
4,877,876,116.3145745,39.89551041666666,40018.3121875,40018.3424537037,2009-07-24,07:29:33
4,878,877,116.32720539285717,39.999730035714286,40018.3998726852,40018.4352546296,2009-07-24,09:35:49
4,879,878,116.32919526881722,39.93694188172043,40018.4581944444,40018.5783101852,2009-07-24,10:59:48
4,880,879,116.32694071428568,40.000146761904766,40018.6121643518,40018.7372337963,2009-07-24,14:41:31
4,881,-1,116.30177119067794,39.96581932627121,40019.1913541667,40019.227650463,2009-07-25,04:35:33
4,882,881,116.33459924999995,39.9383920096154,40019.2523032407,40019.4255324074,2009-07-25,06:03:19
4,883,882,116.32690289655174,39.99964617241379,40019.483287037,40019.7105208333,2009-07-25,11:35:56
4,884,-1,116.30108200000001,39.9662304188034,40020.1469791667,40020.19,2009-07-26,03:31:39
4,885,884,116.30285312380958,39.9048015936508,40020.2255439815,40020.251412037,2009-07-26,05:24:47
4,886,885,116.30105164705881,39.906615823529414,40020.2720717593,40020.3934027778,2009-07-26,06:31:47
4,887,886,116.3013037565982,39.96569549560116,40020.4140625,40020.5268402778,2009-07-26,09:56:15
4,888,-1,116.32708527272729,40.000419772727284,40021.282337963,40021.407962963,2009-07-27,06:46:34
4,889,-1,116.32629306122453,40.00006904081633,40022.2738078704,40022.4104976852,2009-07-28,06:34:17
4,890,889,116.32335133333335,40.00922614035089,40022.4129282407,40022.4399537037,2009-07-28,09:54:37
