
39.989898 116.2927305 39744.1286458333 39744.1723032407
59.997221 174.4688872 39744.1908796296 39744.4044560185
40.00888058 116.3221806 39745.0919444444 39745.1160416667
40.003596 116.321974 39749.1232175926 39749.2104398148
40.00687007 116.2967533 39756.088287037 39756.1058796296
40.28872713 117.1046617 39756.1078472222 39756.1233564815
40.01112732 116.296914 39763.0249884259 39763.0391666667
40.00029773 116.3246452 39764.123900463 39764.1492824074
40.0094295 116.3209425 39765.1621296296 39765.2844791667
59.99370375 174.4762637 39765.2861574074 39765.3168287037
69.97812638 203.5586519 39765.3463773148 39765.4605208333
40.0049335 116.3230785 39766.4781712963 39766.6777777778
40.00925308 116.32143 39767.1504282407 39767.1673032407
40.0092445 116.321176 39770.4128472222 39770.4543518518
40.0089165 116.320084 39771.481712963 39771.5577083333
40.004605 116.323624 39774.0804861111 39774.2028819444
40.0044215 116.3237775 39784.305625 39784.4524189815
60.01018275 174.4826892 39784.4524768519 39784.6746296296
40.0041705 116.32349 39792.1119560185 39792.3298842593
40.00654476 116.3256838 39902.1688310185 39902.2219328704
39.99987825 116.3260583 39903.1885532407 39903.3726851852
40.25557239 117.087668 39903.4463541667 39903.4804398148
40.00739247 116.3204054 39904.4128819444 39904.4336574074
39.99997642 116.3268307 39905.2552314815 39905.4055671296
60.00101471 174.4862313 39905.4334027778 39905.4806134259
40.0072435 116.321263 39906.0638078704 39906.1729282407
40.19807995 116.8733068 39906.4970486111 39906.5171296296
40.01604986 116.333619 39906.5461805556 39907.1499421296
59.94936243 174.5305695 39907.4382986111 39907.4741203704
40.09004482 116.9307892 39907.4812384259 39907.5108680556
39.93730004 116.3900627 39908.3690740741 39908.3924537037
39.99980283 116.3273978 39909.296412037 39909.3367013889
59.99074492 174.4902004 39909.3413888889 39909.4083564815
39.99818581 116.3195375 39917.4439930556 39917.4615277778
59.9398339 174.5629122 39917.4809722222 39917.5147685185
39.941338 116.402449 39918.3509027778 39918.3846412037
40.6241843 118.1459957 39918.3953472222 39918.4170138889
39.995401 116.3252945 39919.2270601852 39919.3138425926
39.927365 116.394354 39922.0527893519 39922.0847916667
59.913788 174.989348 39922.2071875 39922.4261226852
69.898449 203.897012 39922.4607291667 39922.4930787037
40.006323 116.324073 39924.4306828704 39924.4530208333
39.99956681 116.3271388 39925.1154976852 39925.1311921296
40.002348 116.3245895 39927.0466666667 39927.1628703704
60.01205 174.4758973 39927.2264351852 39927.2662152778
70.015445 203.5601281 39927.4009259259 39927.4213773148
39.9230895 116.380344 39928.0621064815 39928.0851967593
59.88203325 174.569888 39928.161712963 39928.1854398148
40.26111846 117.0941759 39928.2182523148 39928.3247337963
60.07098673 174.9485395 39928.4759953704 39928.5078356481
41.88522909 122.42974 39928.720150463 39928.7484490741
39.9418845 116.402067 39929.3258680556 39929.3614583333
59.97234175 174.527716 39929.3756365741 39929.3940162037
40.0044005 116.324043 39930.4406018518 39930.5299074074
60.00901625 174.482767 39930.5331481481 39930.5780555556
39.9990075 116.326526 39932.0628009259 39932.1404166667
60.01438325 174.4827835 39932.1477662037 39932.1657060185
40.46896152 117.6625578 39932.4315046296 39932.4661689815
40.21852554 116.9909734 39932.5799768518 39932.6265046296
39.936592 116.322729 39933.3345717593 39933.3664583333
40.3451563 117.5103496 39933.3677314815 39933.4071412037
40.01131203 116.3018141 39934.3593634259 39934.377650463
60.00102202 174.471714 39934.4460532407 39934.4904976852
39.9223903 116.351714 39935.3885648148 39935.4179050926
40.77504159 118.8977524 39935.4856712963 39935.5100925926
40.20281037 116.8788036 39935.5780671296 39935.6009027778
40.07970041 116.5880962 39936.213900463 39936.2326041667
40.25377937 117.0935092 39936.2401273148 39936.2551157407
40.00042844 116.3273337 39937.347337963 39937.4131018519
40.00041741 116.32708 39938.1478472222 39938.1745138889
60.0073827 174.482041 39938.1915277778 39938.3318865741
43.00771354 125.0439732 39938.3445138889 39938.3636111111
40.0072835 116.3188 39940.2241782407 39940.2740856481
40.00752159 116.3180168 39946.461712963 39946.4768171296
60.0070433 174.4815989 39946.4860763889 39946.6965972222
40.00080415 116.3269781 39947.0969907407 39947.1613541667
40.00801252 116.3196313 39948.4176388889 39948.4337152778
39.993459 116.326649 39950.3855787037 39950.4085416667
40.98533227 119.1520577 39950.5473263889 39950.57875
40.0048385 116.324459 39954.3390856481 39954.438275463
31.228029 121.4425795 39955.5486111111 39955.5673611111
31.39179175 122.0719207 39955.6307291667 39955.6469328704
31.22879 121.441263 39956.0719675926 39956.0912384259
46.845475 182.190759 39956.1046643518 39956.1186111111
54.65304 212.540831 39956.2491666667 39956.2672222222
31.38448689 122.0490113 39956.3084259259 39956.334525463
51.32421395 179.9857412 39956.3633217593 39956.5249305556
39.99292539 116.3262875 39958.4147106481 39958.4950347222
43.34394987 126.0158378 39958.5751041667 39958.5959259259
40.00776443 116.3208363 39959.1791782407 39959.229224537
39.929058 116.393941 39960.3610763889 39960.3935648148
39.9291945 116.395588 39961.2297222222 39961.2605671296
59.93116475 174.526195 39961.2728935185 39961.3541435185
69.90215688 203.587594 39961.4439699074 39961.4702430556
39.9208895 116.385303 39963.4277199074 39963.4613657407
59.88211025 174.576142 39963.4891550926 39963.5161458333
40.00010103 116.3273532 39964.4287268519 39964.4731828704
40.00807919 116.3204375 39965.3563310185 39965.4146064815
39.99565077 116.3280136 39966.7964351852 39966.819525463
40.00052456 116.3269439 39967.284224537 39967.3823611111
40.00935776 116.3224445 39968.4152314815 39968.4320486111
40.0102615 116.321995 39969.3942013889 39969.4083564815
60.00994175 174.483991 39969.4978935185 39969.5478703704
39.99993857 116.3266681 39973.140462963 39973.1676157407
40.05308278 116.4733629 39973.5205671296 39973.5870601852
40.01087133 116.3183853 39974.3946296296 39974.4423611111
39.99988656 116.3265484 39975.0630787037 39975.1258101852
59.96176428 174.5587897 39975.1371527778 39975.1570023148
69.90909064 203.7232984 39975.2781597222 39975.3006134259
74.87841532 218.2509297 39975.317337963 39975.3411805556
39.99957047 116.3271416 39976.3114236111 39976.4744212963
40.10134034 116.0837713 39977.3203009259 39977.3436226852
60.18109817 174.2015396 39977.4080902778 39977.5075925926
41.62610158 120.5419098 39977.5197569444 39977.5342361111
40.0046305 116.320709 39980.5883101852 39980.6236111111
40.001407 116.326139 39982.14875 39982.3355092593
40.0012375 116.3266655 39983.0695138889 39983.1661805556
40.08446462 116.5869164 39983.3069444444 39983.3296759259
60.05073831 174.6143302 39983.4483912037 39983.4719444444
40.006485 116.320009 39984.1381018519 39984.1893865741
60.0063865 174.4851225 39984.3925 39984.5928356481
39.9834525 116.311783 39987.2034259259 39987.2361226852
40.15701742 116.7749727 39987.4862152778 39987.5074537037
40.0033795 116.324508 39989.184849537 39989.3609722222
55.63816325 177.140936 39989.4217939815 39989.6299421296
31.29606532 121.5448117 39991.4567361111 39991.5294328704
31.11175913 121.0501551 39992.2458564815 39992.2740393518
31.18066495 121.3016418 39992.3058680556 39992.38
46.82105298 182.0996984 39992.4522222222 39992.4740972222
54.69026899 212.5534127 39992.4771643518 39992.4944675926
35.63397 118.966193 39993.1184027778 39993.2933449074
40.00778555 116.3193556 39993.761400463 39993.7919560185
40.00083736 116.3272233 39994.4532523148 39994.502974537
39.99529348 116.3097929 39996.3530324074 39996.3871180556
40.00084811 116.3279005 39997.0398726852 39997.05625
60.00087155 174.4952542 39997.122974537 39997.1582523148
39.9546695 116.3281005 39999.1614814815 39999.1975115741
40.15878364 116.464499 39999.2475231481 39999.2978125
39.989898 116.2927305 39744.1286458333 39744.1723032407
59.997221 174.4688872 39744.1908796296 39744.4044560185
40.00888058 116.3221806 39745.0919444444 39745.1160416667
40.003596 116.321974 39749.1232175926 39749.2104398148
40.00687007 116.2967533 39756.088287037 39756.1058796296
40.28872713 117.1046617 39756.1078472222 39756.1233564815
40.01112732 116.296914 39763.0249884259 39763.0391666667
40.00029773 116.3246452 39764.123900463 39764.1492824074
40.0094295 116.3209425 39765.1621296296 39765.2844791667
59.99370375 174.4762637 39765.2861574074 39765.3168287037
69.97812638 203.5586519 39765.3463773148 39765.4605208333
40.0049335 116.3230785 39766.4781712963 39766.6777777778
40.00925308 116.32143 39767.1504282407 39767.1673032407
40.0092445 116.321176 39770.4128472222 39770.4543518518
40.0089165 116.320084 39771.481712963 39771.5577083333
40.004605 116.323624 39774.0804861111 39774.2028819444
40.0044215 116.3237775 39784.305625 39784.4524189815
60.01018275 174.4826892 39784.4524768519 39784.6746296296
40.0041705 116.32349 39792.1119560185 39792.3298842593
40.00654476 116.3256838 39902.1688310185 39902.2219328704
39.99987825 116.3260583 39903.1885532407 39903.3726851852
40.25557239 117.087668 39903.4463541667 39903.4804398148
40.00739247 116.3204054 39904.4128819444 39904.4336574074
39.99997642 116.3268307 39905.2552314815 39905.4055671296
60.00101471 174.4862313 39905.4334027778 39905.4806134259
40.0072435 116.321263 39906.0638078704 39906.1729282407
40.19807995 116.8733068 39906.4970486111 39906.5171296296
40.01604986 116.333619 39906.5461805556 39907.1499421296
59.94936243 174.5305695 39907.4382986111 39907.4741203704
40.09004482 116.9307892 39907.4812384259 39907.5108680556
39.93730004 116.3900627 39908.3690740741 39908.3924537037
39.99980283 116.3273978 39909.296412037 39909.3367013889
59.99074492 174.4902004 39909.3413888889 39909.4083564815
39.99818581 116.3195375 39917.4439930556 39917.4615277778
59.9398339 174.5629122 39917.4809722222 39917.5147685185
39.941338 116.402449 39918.3509027778 39918.3846412037
40.6241843 118.1459957 39918.3953472222 39918.4170138889
39.995401 116.3252945 39919.2270601852 39919.3138425926
39.927365 116.394354 39922.0527893519 39922.0847916667
59.913788 174.989348 39922.2071875 39922.4261226852
69.898449 203.897012 39922.4607291667 39922.4930787037
40.006323 116.324073 39924.4306828704 39924.4530208333
39.99956681 116.3271388 39925.1154976852 39925.1311921296
40.002348 116.3245895 39927.0466666667 39927.1628703704
60.01205 174.4758973 39927.2264351852 39927.2662152778
70.015445 203.5601281 39927.4009259259 39927.4213773148
39.9230895 116.380344 39928.0621064815 39928.0851967593
59.88203325 174.569888 39928.161712963 39928.1854398148
40.26111846 117.0941759 39928.2182523148 39928.3247337963
60.07098673 174.9485395 39928.4759953704 39928.5078356481
41.88522909 122.42974 39928.720150463 39928.7484490741
39.9418845 116.402067 39929.3258680556 39929.3614583333
59.97234175 174.527716 39929.3756365741 39929.3940162037
40.0044005 116.324043 39930.4406018518 39930.5299074074
60.00901625 174.482767 39930.5331481481 39930.5780555556
39.9990075 116.326526 39932.0628009259 39932.1404166667
60.01438325 174.4827835 39932.1477662037 39932.1657060185
40.46896152 117.6625578 39932.4315046296 39932.4661689815
40.21852554 116.9909734 39932.5799768518 39932.6265046296
39.936592 116.322729 39933.3345717593 39933.3664583333
40.3451563 117.5103496 39933.3677314815 39933.4071412037
40.01131203 116.3018141 39934.3593634259 39934.377650463
60.00102202 174.471714 39934.4460532407 39934.4904976852
39.9223903 116.351714 39935.3885648148 39935.4179050926
40.77504159 118.8977524 39935.4856712963 39935.5100925926
40.20281037 116.8788036 39935.5780671296 39935.6009027778
40.07970041 116.5880962 39936.213900463 39936.2326041667
40.25377937 117.0935092 39936.2401273148 39936.2551157407
40.00042844 116.3273337 39937.347337963 39937.4131018519
40.00041741 116.32708 39938.1478472222 39938.1745138889
60.0073827 174.482041 39938.1915277778 39938.3318865741
43.00771354 125.0439732 39938.3445138889 39938.3636111111
40.0072835 116.3188 39940.2241782407 39940.2740856481
40.00752159 116.3180168 39946.461712963 39946.4768171296
60.0070433 174.4815989 39946.4860763889 39946.6965972222
40.00080415 116.3269781 39947.0969907407 39947.1613541667
40.00801252 116.3196313 39948.4176388889 39948.4337152778
39.993459 116.326649 39950.3855787037 39950.4085416667
40.98533227 119.1520577 39950.5473263889 39950.57875
40.0048385 116.324459 39954.3390856481 39954.438275463
31.228029 121.4425795 39955.5486111111 39955.5673611111
31.39179175 122.0719207 39955.6307291667 39955.6469328704
31.22879 121.441263 39956.0719675926 39956.0912384259
46.845475 182.190759 39956.1046643518 39956.1186111111
54.65304 212.540831 39956.2491666667 39956.2672222222
31.38448689 122.0490113 39956.3084259259 39956.334525463
51.32421395 179.9857412 39956.3633217593 39956.5249305556
39.99292539 116.3262875 39958.4147106481 39958.4950347222
43.34394987 126.0158378 39958.5751041667 39958.5959259259
40.00776443 116.3208363 39959.1791782407 39959.229224537
39.929058 116.393941 39960.3610763889 39960.3935648148
39.9291945 116.395588 39961.2297222222 39961.2605671296
59.93116475 174.526195 39961.2728935185 39961.3541435185
69.90215688 203.587594 39961.4439699074 39961.4702430556
39.9208895 116.385303 39963.4277199074 39963.4613657407
59.88211025 174.576142 39963.4891550926 39963.5161458333
40.00010103 116.3273532 39964.4287268519 39964.4731828704
40.00807919 116.3204375 39965.3563310185 39965.4146064815
39.99565077 116.3280136 39966.7964351852 39966.819525463
40.00052456 116.3269439 39967.284224537 39967.3823611111
40.00935776 116.3224445 39968.4152314815 39968.4320486111
40.0102615 116.321995 39969.3942013889 39969.4083564815
60.00994175 174.483991 39969.4978935185 39969.5478703704
39.99993857 116.3266681 39973.140462963 39973.1676157407
40.05308278 116.4733629 39973.5205671296 39973.5870601852
40.01087133 116.3183853 39974.3946296296 39974.4423611111
39.99988656 116.3265484 39975.0630787037 39975.1258101852
59.96176428 174.5587897 39975.1371527778 39975.1570023148
69.90909064 203.7232984 39975.2781597222 39975.3006134259
74.87841532 218.2509297 39975.317337963 39975.3411805556
39.99957047 116.3271416 39976.3114236111 39976.4744212963
40.10134034 116.0837713 39977.3203009259 39977.3436226852
60.18109817 174.2015396 39977.4080902778 39977.5075925926
41.62610158 120.5419098 39977.5197569444 39977.5342361111
40.0046305 116.320709 39980.5883101852 39980.6236111111
40.001407 116.326139 39982.14875 39982.3355092593
40.0012375 116.3266655 39983.0695138889 39983.1661805556
40.08446462 116.5869164 39983.3069444444 39983.3296759259
60.05073831 174.6143302 39983.4483912037 39983.4719444444
40.006485 116.320009 39984.1381018519 39984.1893865741
60.0063865 174.4851225 39984.3925 39984.5928356481
39.9834525 116.311783 39987.2034259259 39987.2361226852
40.15701742 116.7749727 39987.4862152778 39987.5074537037
40.0033795 116.324508 39989.184849537 39989.3609722222
55.63816325 177.140936 39989.4217939815 39989.6299421296
31.29606532 121.5448117 39991.4567361111 39991.5294328704
31.11175913 121.0501551 39992.2458564815 39992.2740393518
31.18066495 121.3016418 39992.3058680556 39992.38
46.82105298 182.0996984 39992.4522222222 39992.4740972222
54.69026899 212.5534127 39992.4771643518 39992.4944675926
35.63397 118.966193 39993.1184027778 39993.2933449074
40.00778555 116.3193556 39993.761400463 39993.7919560185
40.00083736 116.3272233 39994.4532523148 39994.502974537
39.99529348 116.3097929 39996.3530324074 39996.3871180556
40.00084811 116.3279005 39997.0398726852 39997.05625
60.00087155 174.4952542 39997.122974537 39997.1582523148
39.9546695 116.3281005 39999.1614814815 39999.1975115741
40.15878364 116.464499 39999.2475231481 39999.2978125
39.989898 116.2927305 39744.1286458333 39744.1723032407
59.997221 174.4688872 39744.1908796296 39744.4044560185
40.00888058 116.3221806 39745.0919444444 39745.1160416667
40.003596 116.321974 39749.1232175926 39749.2104398148
40.00687007 116.2967533 39756.088287037 39756.1058796296
40.28872713 117.1046617 39756.1078472222 39756.1233564815
40.01112732 116.296914 39763.0249884259 39763.0391666667
40.00029773 116.3246452 39764.123900463 39764.1492824074
40.0094295 116.3209425 39765.1621296296 39765.2844791667
59.99370375 174.4762637 39765.2861574074 39765.3168287037
69.97812638 203.5586519 39765.3463773148 39765.4605208333
40.0049335 116.3230785 39766.4781712963 39766.6777777778
40.00925308 116.32143 39767.1504282407 39767.1673032407
40.0092445 116.321176 39770.4128472222 39770.4543518518
40.0089165 116.320084 39771.481712963 39771.5577083333
40.004605 116.323624 39774.0804861111 39774.2028819444
40.0044215 116.3237775 39784.305625 39784.4524189815
60.01018275 174.4826892 39784.4524768519 39784.6746296296
40.0041705 116.32349 39792.1119560185 39792.3298842593
40.00654476 116.3256838 39902.1688310185 39902.2219328704
39.99987825 116.3260583 39903.1885532407 39903.3726851852
40.25557239 117.087668 39903.4463541667 39903.4804398148
40.00739247 116.3204054 39904.4128819444 39904.4336574074
39.99997642 116.3268307 39905.2552314815 39905.4055671296
60.00101471 174.4862313 39905.4334027778 39905.4806134259
40.0072435 116.321263 39906.0638078704 39906.1729282407
40.19807995 116.8733068 39906.4970486111 39906.5171296296
40.01604986 116.333619 39906.5461805556 39907.1499421296
59.94936243 174.5305695 39907.4382986111 39907.4741203704
40.09004482 116.9307892 39907.4812384259 39907.5108680556
39.93730004 116.3900627 39908.3690740741 39908.3924537037
39.99980283 116.3273978 39909.296412037 39909.3367013889
59.99074492 174.4902004 39909.3413888889 39909.4083564815
39.99818581 116.3195375 39917.4439930556 39917.4615277778
59.9398339 174.5629122 39917.4809722222 39917.5147685185
39.941338 116.402449 39918.3509027778 39918.3846412037
40.6241843 118.1459957 39918.3953472222 39918.4170138889
39.995401 116.3252945 39919.2270601852 39919.3138425926
39.927365 116.394354 39922.0527893519 39922.0847916667
59.913788 174.989348 39922.2071875 39922.4261226852
69.898449 203.897012 39922.4607291667 39922.4930787037
40.006323 116.324073 39924.4306828704 39924.4530208333
39.99956681 116.3271388 39925.1154976852 39925.1311921296
40.002348 116.3245895 39927.0466666667 39927.1628703704
60.01205 174.4758973 39927.2264351852 39927.2662152778
70.015445 203.5601281 39927.4009259259 39927.4213773148
39.9230895 116.380344 39928.0621064815 39928.0851967593
59.88203325 174.569888 39928.161712963 39928.1854398148
40.26111846 117.0941759 39928.2182523148 39928.3247337963
60.07098673 174.9485395 39928.4759953704 39928.5078356481
41.88522909 122.42974 39928.720150463 39928.7484490741
39.9418845 116.402067 39929.3258680556 39929.3614583333
59.97234175 174.527716 39929.3756365741 39929.3940162037
40.0044005 116.324043 39930.4406018518 39930.5299074074
60.00901625 174.482767 39930.5331481481 39930.5780555556
39.9990075 116.326526 39932.0628009259 39932.1404166667
60.01438325 174.4827835 39932.1477662037 39932.1657060185
40.46896152 117.6625578 39932.4315046296 39932.4661689815
40.21852554 116.9909734 39932.5799768518 39932.6265046296
39.936592 116.322729 39933.3345717593 39933.3664583333
40.3451563 117.5103496 39933.3677314815 39933.4071412037
40.01131203 116.3018141 39934.3593634259 39934.377650463
60.00102202 174.471714 39934.4460532407 39934.4904976852
39.9223903 116.351714 39935.3885648148 39935.4179050926
40.77504159 118.8977524 39935.4856712963 39935.5100925926
40.20281037 116.8788036 39935.5780671296 39935.6009027778
40.07970041 116.5880962 39936.213900463 39936.2326041667
40.25377937 117.0935092 39936.2401273148 39936.2551157407
40.00042844 116.3273337 39937.347337963 39937.4131018519
40.00041741 116.32708 39938.1478472222 39938.1745138889
60.0073827 174.482041 39938.1915277778 39938.3318865741
43.00771354 125.0439732 39938.3445138889 39938.3636111111
40.0072835 116.3188 39940.2241782407 39940.2740856481
40.00752159 116.3180168 39946.461712963 39946.4768171296
60.0070433 174.4815989 39946.4860763889 39946.6965972222
40.00080415 116.3269781 39947.0969907407 39947.1613541667
40.00801252 116.3196313 39948.4176388889 39948.4337152778
39.993459 116.326649 39950.3855787037 39950.4085416667
40.98533227 119.1520577 39950.5473263889 39950.57875
40.0048385 116.324459 39954.3390856481 39954.438275463
31.228029 121.4425795 39955.5486111111 39955.5673611111
31.39179175 122.0719207 39955.6307291667 39955.6469328704
31.22879 121.441263 39956.0719675926 39956.0912384259
46.845475 182.190759 39956.1046643518 39956.1186111111
54.65304 212.540831 39956.2491666667 39956.2672222222
31.38448689 122.0490113 39956.3084259259 39956.334525463
51.32421395 179.9857412 39956.3633217593 39956.5249305556
39.99292539 116.3262875 39958.4147106481 39958.4950347222
43.34394987 126.0158378 39958.5751041667 39958.5959259259
40.00776443 116.3208363 39959.1791782407 39959.229224537
39.929058 116.393941 39960.3610763889 39960.3935648148
39.9291945 116.395588 39961.2297222222 39961.2605671296
59.93116475 174.526195 39961.2728935185 39961.3541435185
69.90215688 203.587594 39961.4439699074 39961.4702430556
39.9208895 116.385303 39963.4277199074 39963.4613657407
59.88211025 174.576142 39963.4891550926 39963.5161458333
40.00010103 116.3273532 39964.4287268519 39964.4731828704
40.00807919 116.3204375 39965.3563310185 39965.4146064815
39.99565077 116.3280136 39966.7964351852 39966.819525463
40.00052456 116.3269439 39967.284224537 39967.3823611111
40.00935776 116.3224445 39968.4152314815 39968.4320486111
40.0102615 116.321995 39969.3942013889 39969.4083564815
60.00994175 174.483991 39969.4978935185 39969.5478703704
39.99993857 116.3266681 39973.140462963 39973.1676157407
40.05308278 116.4733629 39973.5205671296 39973.5870601852
40.01087133 116.3183853 39974.3946296296 39974.4423611111
39.99988656 116.3265484 39975.0630787037 39975.1258101852
59.96176428 174.5587897 39975.1371527778 39975.1570023148
69.90909064 203.7232984 39975.2781597222 39975.3006134259
74.87841532 218.2509297 39975.317337963 39975.3411805556
39.99957047 116.3271416 39976.3114236111 39976.4744212963
40.10134034 116.0837713 39977.3203009259 39977.3436226852
60.18109817 174.2015396 39977.4080902778 39977.5075925926
41.62610158 120.5419098 39977.5197569444 39977.5342361111
40.0046305 116.320709 39980.5883101852 39980.6236111111
40.001407 116.326139 39982.14875 39982.3355092593
40.0012375 116.3266655 39983.0695138889 39983.1661805556
40.08446462 116.5869164 39983.3069444444 39983.3296759259
60.05073831 174.6143302 39983.4483912037 39983.4719444444
40.006485 116.320009 39984.1381018519 39984.1893865741
60.0063865 174.4851225 39984.3925 39984.5928356481
39.9834525 116.311783 39987.2034259259 39987.2361226852
40.15701742 116.7749727 39987.4862152778 39987.5074537037
40.0033795 116.324508 39989.184849537 39989.3609722222
55.63816325 177.140936 39989.4217939815 39989.6299421296
31.29606532 121.5448117 39991.4567361111 39991.5294328704
31.11175913 121.0501551 39992.2458564815 39992.2740393518
31.18066495 121.3016418 39992.3058680556 39992.38
46.82105298 182.0996984 39992.4522222222 39992.4740972222
54.69026899 212.5534127 39992.4771643518 39992.4944675926
35.63397 118.966193 39993.1184027778 39993.2933449074
40.00778555 116.3193556 39993.761400463 39993.7919560185
40.00083736 116.3272233 39994.4532523148 39994.502974537
39.99529348 116.3097929 39996.3530324074 39996.3871180556
40.00084811 116.3279005 39997.0398726852 39997.05625
60.00087155 174.4952542 39997.122974537 39997.1582523148
39.9546695 116.3281005 39999.1614814815 39999.1975115741
40.15878364 116.464499 39999.2475231481 39999.2978125
39.989898 116.2927305 39744.1286458333 39744.1723032407
59.997221 174.4688872 39744.1908796296 39744.4044560185
40.00888058 116.3221806 39745.0919444444 39745.1160416667
40.003596 116.321974 39749.1232175926 39749.2104398148
40.00687007 116.2967533 39756.088287037 39756.1058796296
40.28872713 117.1046617 39756.1078472222 39756.1233564815
40.01112732 116.296914 39763.0249884259 39763.0391666667
40.00029773 116.3246452 39764.123900463 39764.1492824074
40.0094295 116.3209425 39765.1621296296 39765.2844791667
59.99370375 174.4762637 39765.2861574074 39765.3168287037
69.97812638 203.5586519 39765.3463773148 39765.4605208333
40.0049335 116.3230785 39766.4781712963 39766.6777777778
40.00925308 116.32143 39767.1504282407 39767.1673032407
40.0092445 116.321176 39770.4128472222 39770.4543518518
40.0089165 116.320084 39771.481712963 39771.5577083333
40.004605 116.323624 39774.0804861111 39774.2028819444
40.0044215 116.3237775 39784.305625 39784.4524189815
60.01018275 174.4826892 39784.4524768519 39784.6746296296
40.0041705 116.32349 39792.1119560185 39792.3298842593
40.00654476 116.3256838 39902.1688310185 39902.2219328704
39.99987825 116.3260583 39903.1885532407 39903.3726851852
40.25557239 117.087668 39903.4463541667 39903.4804398148
40.00739247 116.3204054 39904.4128819444 39904.4336574074
39.99997642 116.3268307 39905.2552314815 39905.4055671296
60.00101471 174.4862313 39905.4334027778 39905.4806134259
40.0072435 116.321263 39906.0638078704 39906.1729282407
40.19807995 116.8733068 39906.4970486111 39906.5171296296
40.01604986 116.333619 39906.5461805556 39907.1499421296
59.94936243 174.5305695 39907.4382986111 39907.4741203704
40.09004482 116.9307892 39907.4812384259 39907.5108680556
39.93730004 116.3900627 39908.3690740741 39908.3924537037
39.99980283 116.3273978 39909.296412037 39909.3367013889
59.99074492 174.4902004 39909.3413888889 39909.4083564815
39.99818581 116.3195375 39917.4439930556 39917.4615277778
59.9398339 174.5629122 39917.4809722222 39917.5147685185
39.941338 116.402449 39918.3509027778 39918.3846412037
40.6241843 118.1459957 39918.3953472222 39918.4170138889
39.995401 116.3252945 39919.2270601852 39919.3138425926
39.927365 116.394354 39922.0527893519 39922.0847916667
59.913788 174.989348 39922.2071875 39922.4261226852
69.898449 203.897012 39922.4607291667 39922.4930787037
40.006323 116.324073 39924.4306828704 39924.4530208333
39.99956681 116.3271388 39925.1154976852 39925.1311921296
40.002348 116.3245895 39927.0466666667 39927.1628703704
60.01205 174.4758973 39927.2264351852 39927.2662152778
70.015445 203.5601281 39927.4009259259 39927.4213773148
39.9230895 116.380344 39928.0621064815 39928.0851967593
59.88203325 174.569888 39928.161712963 39928.1854398148
40.26111846 117.0941759 39928.2182523148 39928.3247337963
60.07098673 174.9485395 39928.4759953704 39928.5078356481
41.88522909 122.42974 39928.720150463 39928.7484490741
39.9418845 116.402067 39929.3258680556 39929.3614583333
59.97234175 174.527716 39929.3756365741 39929.3940162037
40.0044005 116.324043 39930.4406018518 39930.5299074074
60.00901625 174.482767 39930.5331481481 39930.5780555556
39.9990075 116.326526 39932.0628009259 39932.1404166667
60.01438325 174.4827835 39932.1477662037 39932.1657060185
40.46896152 117.6625578 39932.4315046296 39932.4661689815
40.21852554 116.9909734 39932.5799768518 39932.6265046296
39.936592 116.322729 39933.3345717593 39933.3664583333
40.3451563 117.5103496 39933.3677314815 39933.4071412037
40.01131203 116.3018141 39934.3593634259 39934.377650463
60.00102202 174.471714 39934.4460532407 39934.4904976852
39.9223903 116.351714 39935.3885648148 39935.4179050926
40.77504159 118.8977524 39935.4856712963 39935.5100925926
40.20281037 116.8788036 39935.5780671296 39935.6009027778
40.07970041 116.5880962 39936.213900463 39936.2326041667
40.25377937 117.0935092 39936.2401273148 39936.2551157407
40.00042844 116.3273337 39937.347337963 39937.4131018519
40.00041741 116.32708 39938.1478472222 39938.1745138889
60.0073827 174.482041 39938.1915277778 39938.3318865741
43.00771354 125.0439732 39938.3445138889 39938.3636111111
40.0072835 116.3188 39940.2241782407 39940.2740856481
40.00752159 116.3180168 39946.461712963 39946.4768171296
60.0070433 174.4815989 39946.4860763889 39946.6965972222
40.00080415 116.3269781 39947.0969907407 39947.1613541667
40.00801252 116.3196313 39948.4176388889 39948.4337152778
39.993459 116.326649 39950.3855787037 39950.4085416667
40.98533227 119.1520577 39950.5473263889 39950.57875
40.0048385 116.324459 39954.3390856481 39954.438275463
31.228029 121.4425795 39955.5486111111 39955.5673611111
31.39179175 122.0719207 39955.6307291667 39955.6469328704
31.22879 121.441263 39956.0719675926 39956.0912384259
46.845475 182.190759 39956.1046643518 39956.1186111111
54.65304 212.540831 39956.2491666667 39956.2672222222
31.38448689 122.0490113 39956.3084259259 39956.334525463
51.32421395 179.9857412 39956.3633217593 39956.5249305556
39.99292539 116.3262875 39958.4147106481 39958.4950347222
43.34394987 126.0158378 39958.5751041667 39958.5959259259
40.00776443 116.3208363 39959.1791782407 39959.229224537
39.929058 116.393941 39960.3610763889 39960.3935648148
39.9291945 116.395588 39961.2297222222 39961.2605671296
59.93116475 174.526195 39961.2728935185 39961.3541435185
69.90215688 203.587594 39961.4439699074 39961.4702430556
39.9208895 116.385303 39963.4277199074 39963.4613657407
59.88211025 174.576142 39963.4891550926 39963.5161458333
40.00010103 116.3273532 39964.4287268519 39964.4731828704
40.00807919 116.3204375 39965.3563310185 39965.4146064815
39.99565077 116.3280136 39966.7964351852 39966.819525463
40.00052456 116.3269439 39967.284224537 39967.3823611111
40.00935776 116.3224445 39968.4152314815 39968.4320486111
40.0102615 116.321995 39969.3942013889 39969.4083564815
60.00994175 174.483991 39969.4978935185 39969.5478703704
39.99993857 116.3266681 39973.140462963 39973.1676157407
40.05308278 116.4733629 39973.5205671296 39973.5870601852
40.01087133 116.3183853 39974.3946296296 39974.4423611111
39.99988656 116.3265484 39975.0630787037 39975.1258101852
59.96176428 174.5587897 39975.1371527778 39975.1570023148
69.90909064 203.7232984 39975.2781597222 39975.3006134259
74.87841532 218.2509297 39975.317337963 39975.3411805556
39.99957047 116.3271416 39976.3114236111 39976.4744212963
40.10134034 116.0837713 39977.3203009259 39977.3436226852
60.18109817 174.2015396 39977.4080902778 39977.5075925926
41.62610158 120.5419098 39977.5197569444 39977.5342361111
40.0046305 116.320709 39980.5883101852 39980.6236111111
40.001407 116.326139 39982.14875 39982.3355092593
40.0012375 116.3266655 39983.0695138889 39983.1661805556
40.08446462 116.5869164 39983.3069444444 39983.3296759259
60.05073831 174.6143302 39983.4483912037 39983.4719444444
40.006485 116.320009 39984.1381018519 39984.1893865741
60.0063865 174.4851225 39984.3925 39984.5928356481
39.9834525 116.311783 39987.2034259259 39987.2361226852
40.15701742 116.7749727 39987.4862152778 39987.5074537037
40.0033795 116.324508 39989.184849537 39989.3609722222
55.63816325 177.140936 39989.4217939815 39989.6299421296
31.29606532 121.5448117 39991.4567361111 39991.5294328704
31.11175913 121.0501551 39992.2458564815 39992.2740393518
31.18066495 121.3016418 39992.3058680556 39992.38
46.82105298 182.0996984 39992.4522222222 39992.4740972222
54.69026899 212.5534127 39992.4771643518 39992.4944675926
35.63397 118.966193 39993.1184027778 39993.2933449074
40.00778555 116.3193556 39993.761400463 39993.7919560185
40.00083736 116.3272233 39994.4532523148 39994.502974537
39.99529348 116.3097929 39996.3530324074 39996.3871180556
40.00084811 116.3279005 39997.0398726852 39997.05625
60.00087155 174.4952542 39997.122974537 39997.1582523148
39.9546695 116.3281005 39999.1614814815 39999.1975115741
40.15878364 116.464499 39999.2475231481 39999.2978125